05788
11082
05967
07644
10280
08425
11929
01048
09446
05236
00686
03745
11003
12018
03798
01548
02984
12773
11465
07786
12790
06813
07345
07850
05748
08219
11627
12993
08384
00133
07311
04274
12542
10261
07998
08836
12936
04336
09274
01841
00842
03782
00360
10269
01810
01983
10035
05953
03930
05837
00964
09913
06451
08653
10688
11499
10528
00084
08664
00655
03617
06473
10002
10143
11975
12486
10709
07224
05746
01849
08285
12222
06094
12491
02101
07016
10498
00943
13195
08046
09251
07381
05329
05185
11711
12873
12651
07909
07165
09185
00216
05759
01338
02334
00929
06719
10088
00217
00383
03595
10773
01566
11345
01675
09161
00972
01234
12050
02184
01707
01562
01961
09329
04982
09744
08766
00827
01574
09793
09218
09246
04083
06463
02924
00141
11091
09833
05119
07501
00790
03753
11720
03417
11901
04611
11461
00989
00666
11990
12951
04757
00320
05107
08472
12464
01517
01103
06561
02165
09746
05721
12601
03999
04758
07586
04562
10520
00412
08318
04729
08901
06095
09356
09434
04156
02614
12918
10711
07539
09601
09576
05226
08014
03521
02852
06348
05287
09307
12088
11139
03689
11069
08651
09101
08012
04010
04076
02167
02015
07461
09215
07670
10248
01525
08648
06777
07217
08863
11661
01772
00358
01271
12815
10036
03446
09727
07556
11473
07863
05423
09543
07824
05404
11660
01683
03522
11226
08140
11259
12629
12496
04379
09515
01835
06391
04020
11031
09155
07196
04577
10958
05368
12481
02047
06605
13043
08718
05269
00885
02917
02928
09160
11835
12271
03936
06272
02879
08851
12583
04287
08305
07073
04367
05359
11936
09541
04161
06271
01059
09038
06001
03875
08029
02632
07327
08978
07987
03338
05415
06190
10746
08171
13144
04311
03247
07843
12713
01817
11469
11045
09906
13007
01948
04755
11641
06051
01696
04518
08268
02749
05599
10504
09565
09895
08564
06659
05771
06110
02070
00640
11613
10154
09532
12884
10289
11606
07536
02599
11512
00434
03601
02553
09645
00452
03527
06294
10880
07973
12071
05501
10789
06136
03609
05039
07445
02226
09709
11842
11295
03022
00661
12042
11230
00727
09834
11999
12715
01489
03546
07679
03921
01640
06966
08271
09468
08187
11950
09339
09832
01644
08393
04021
11910
12751
01718
01767
04146
02345
06286
04216
09381
00544
07270
02554
08145
12025
06128
01690
08071
10507
06239
07521
11612
06280
10571
02743
01641
00180
04035
10142
12465
12940
11722
01901
01703
10367
04734
04296
00328
00392
01020
02291
11064
09138
05014
02353
11195
03526
00797
00839
02828
00414
03205
04354
05530
04582
01363
12355
09347
12849
10712
08961
10394
03789
07954
04934
07464
05120
13229
12082
09420
04099
05917
00736
09298
00561
12663
10136
02341
04772
11570
08596
07896
11876
10235
12705
10849
01736
06283
11058
12212
03166
01586
11715
13280
00440
10211
11140
08401
05373
04425
10376
04695
08860
11255
04325
03382
08557
04752
02524
08181
08990
03698
01926
04416
12797
13008
01449
00897
04733
07631
07466
03676
06853
07650
09864
09180
05189
02844
06868
04244
07193
12736
07328
08276
07886
06288
09772
06803
08165
08964
04176
00004
01282
07408
06429
02751
12960
07626
05363
01742
09159
00324
06927
00884
01269
02277
02878
01583
11012
06211
11997
04422
02051
02540
10316
02534
10577
13082
00704
04987
08617
00260
10340
01465
03512
08148
12998
08725
12439
01448
08023
01777
02095
08343
12806
12136
10851
04818
10862
00007
13262
05351
07672
05325
08968
10977
08062
06992
00619
01700
12428
11520
07251
03283
12967
04272
07422
10546
06639
11562
06940
00654
02891
12137
00571
09804
05167
03859
08510
08232
00370
11460
05950
10225
07864
04956
06821
10753
07424
13177
10030
05124
02556
01623
08679
01443
12179
09920
05103
09335
00958
05638
08954
01316
01195
07532
02593
13203
08128
01634
06984
07717
10255
04208
00746
00723
01965
04579
10653
00566
05817
05922
00848
11442
07198
05280
03331
09527
02813
03483
02111
02038
05988
12753
10323
03629
09878
08903
09625
05211
09478
12816
00709
07936
04359
11122
02495
03645
03822
08716
04631
01011
09683
04106
06815
06780
09171
12155
07163
04848
09892
08795
02986
01893
01943
08658
06840
10609
05770
13182
09067
01891
06084
10379
03510
07871
10690
12385
02772
03945
09496
08280
10274
09151
05606
08052
09972
09056
12160
13231
12206
10447
01426
04070
04166
04952
13110
12469
05710
10276
04583
09975
04224
00646
07691
11163
10694
00876
02850
08516
11170
06500
10260
11827
09518
11119
07391
07435
05090
02477
03304
12594
06831
06063
06126
00629
07602
04030
00378
03918
07453
05713
04526
09045
12599
05646
06315
03053
09805
11981
05093
07687
06830
05822
02532
09664
08569
01459
07705
08348
08337
12126
11331
11823
04051
13119
11367
07722
09403
09205
08090
07370
07383
04836
12932
09257
07777
03984
06145
03056
09129
12098
04670
06120
00088
11634
03309
09015
03415
06406
00270
01542
05346
00312
04911
09491
09163
11009
01533
01604
05063
11829
11238
11412
01882
11928
04413
07258
01113
00564
08947
00883
00011
09071
05101
11517
06390
02411
09829
08728
04534
05051
05446
03049
03303
03179
09953
11267
00580
01582
03324
05318
02705
06354
12673
04181
07999
02050
12244
07517
02492
13052
01250
06237
06336
09438
11817
01003
07299
01812
08644
09091
07218
09617
06487
05629
01850
10017
01319
12516
10749
11616
04351
07829
01694
12473
02625
05700
12348
09250
01535
03246
04764
12128
05881
02900
12494
05392
10378
06453
12685
10605
04183
05186
03916
11501
03726
04331
00672
12769
07733
06556
03009
05150
03060
01188
06686
09458
02710
05668
02729
04955
05887
01127
04358
02009
12022
04234
11710
05458
12342
08160
06248
00545
12758
01469
05870
03567
03524
12323
09224
03923
02214
08519
11871
07682
02953
01684
11611
08801
01100
12230
10793
12792
04768
08049
09759
03805
12364
01038
11234
10972
06961
02909
05277
08917
06255
02018
07473
11028
12143
11470
03352
04668
03371
10086
03216
00523
04344
01763
09408
12229
03055
05506
07062
11588
12633
11224
13252
08290
05568
03202
04843
06389
06205
08334
00311
10715
02465
10042
01115
12440
03905
01106
01578
03924
08094
07286
07736
12086
08496
06313
04058
01432
04974
03089
07077
08642
08409
04392
02560
06788
07185
07561
09520
10684
03177
11850
06076
12309
13267
09883
11125
05858
03135
02903
12186
10028
05821
11178
10899
00082
13265
08705
06043
10311
09615
03780
09123
11744
09521
02591
06724
02921
05219
12532
09641
00554
03796
13054
05188
10403
01659
06233
07805
08157
09728
03050
02265
03835
02169
00437
06570
03955
06732
03934
09369
10927
01395
01353
00178
08156
06246
02298
01201
09567
02916
04857
03169
01331
03560
02568
05062
11262
04298
03894
01174
12109
07400
06619
13246
08882
04568
10763
09370
02328
03315
09039
11390
03232
09399
10561
01933
11318
07762
11852
06985
07004
09220
09444
09711
05212
04970
08363
12505
07686
11342
13095
10800
05241
09319
05579
00125
03117
00800
00342
12133
08451
02314
11137
05126
03272
02278
09102
09315
00653
09177
03373
08797
05232
08875
07189
10596
06932
01030
11836
04653
07835
06611
03214
04363
03176
08963
09419
02171
00817
09990
10848
08421
07367
12067
11357
08415
10764
00479
08123
12660
13208
05719
12978
04797
01122
12581
04896
00562
04285
08839
13022
11043
12499
04382
09243
03675
07967
08643
08676
05048
01667
11548
12293
12754
02876
01033
08541
02975
08020
08250
03229
02510
10436
02604
06488
13015
00651
07934
05432
02622
10779
09940
09584
09231
00641
11848
08942
06038
00046
12127
00453
06183
07184
05383
00903
06539
08955
05061
06380
06737
06065
03306
08774
05114
03044
03116
13038
09813
03664
01721
05075
11768
09528
04380
03592
02302
09926
13046
11884
09964
12711
10218
00563
06947
08039
01837
08781
03101
02096
08849
06247
09020
00845
07506
08439
09529
04223
06716
09752
13198
05471
11830
08553
03717
12087
06782
07507
01719
07415
07595
01318
13202
05020
02008
05157
03194
01909
13242
02562
00894
02796
09724
11463
06823
01863
08420
01733
05247
07661
03375
09776
10873
09605
10492
04660
08350
11016
10384
05106
03847
09877
10644
05004
01913
02938
10536
13024
06776
07676
01260
00530
03105
02452
12035
06702
05131
06360
03397
01266
00963
03669
10608
02082
12693
02846
04674
07376
03509
03741
03020
08349
06613
04403
08620
11287
06162
05533
02001
11095
03326
09858
13143
02827
12243
09936
00122
00854
10020
03973
09127
03903
02141
04654
00980
01347
10667
12218
05196
07333
00478
05669
07554
02116
11076
11325
01689
09035
11943
08135
04203
13039
00157
11384
06382
12275
10771
03941
07809
02983
01031
06593
08319
09202
06531
03070
07164
07899
05025
08762
10119
03092
02811
01853
09099
03195
07099
07944
03356
12339
08888
00117
09380
01198
01157
02347
00423
09748
11862
08611
10930
06676
02696
03276
09898
10203
05951
11873
12735
06596
04962
05804
06483
06786
07130
12193
10068
08353
06480
02318
00858
06922
11228
08531
12381
06458
01627
12668
00669
08536
09366
12220
05372
09367
01145
01553
11039
02424
12996
09674
12692
11026
09313
09944
04885
13069
08923
12351
07797
12171
02931
00135
04511
11278
04694
10512
13094
06088
02078
12922
11121
11712
02410
11584
11673
10888
00697
13078
07223
05892
12146
09212
06839
09826
09050
13036
00821
12253
09213
09148
11794
08007
06338
09663
01569
06775
00908
06351
13126
04720
07419
01946
02634
11126
12966
01136
03110
10963
03943
06695
05452
11010
06039
11112
02817
08339
04291
07819
04665
08514
01657
04840
12544
04845
07537
05140
08921
11285
01080
05828
12783
05911
00484
03186
06623
04550
12616
06954
05469
09881
11695
09229
12891
00573
03293
06693
02623
06144
06507
02267
10866
00266
11524
05873
02208
04019
04815
05537
01112
01643
08527
03498
10499
12149
08072
00570
09207
03115
00516
08610
09685
06946
11101
09200
10629
11849
10223
00809
04249
07352
08355
06705
08546
11960
04475
04327
12003
04612
00624
10009
03041
09955
02074
03363
04737
00719
10015
09930
11856
02231
00210
01163
02409
08416
01394
05244
01782
12272
02563
06440
00806
11088
00647
05767
05855
02441
00900
06079
01392
02780
06410
00591
10617
10070
08362
05776
01956
05200
00302
10067
02126
13136
01885
00482
02875
07060
03588
09312
06191
12418
00130
11433
09131
08515
10385
00783
12712
12615
03311
12368
07014
12345
12337
10095
03028
02968
10584
11220
10594
07233
04459
01760
01510
11385
03725
03886
11577
04364
12451
07981
05066
06509
01618
01498
09337
05519
08910
11949
01554
02365
02460
08674
09165
09857
03825
04991
08234
05830
00954
10013
06704
10514
01274
01065
10761
08832
12709
07338
11550
09745
04188
00155
03566
00209
07816
06744
04167
02329
07678
00373
12674
06957
04128
11918
03180
00017
03198
02304
07022
01522
00169
08730
03441
10798
04155
09022
06376
09396
03008
05661
03968
01130
06972
08282
11374
03215
06304
08091
08340
02925
12322
08614
12125
03673
12438
10127
05193
02173
06363
02144
10290
10541
13187
04522
02454
07491
09475
04888
07764
11765
00284
04006
10622
09211
07051
04507
10822
07680
09069
11543
10271
01793
02770
04716
12875
03611
07892
10145
01507
06798
02366
00635
12834
07912
05414
09277
06032
04578
02706
07825
06466
06607
06320
10792
05965
09137
01436
08126
03081
05673
09622
05597
00582
09725
09191
02263
02646
08076
05854
01536
01581
12090
04348
03466
10282
09536
01164
01590
10973
08418
05018
05261
11948
06408
01593
06467
10413
01377
04646
11779
03757
09317
11923
03626
12886
10932
04488
11007
13031
06967
11006
07268
00418
05934
06895
00019
08060
12233
10037
06004
13149
02151
05139
03956
12144
07390
06981
05896
12398
03867
02824
03074
03042
02978
11567
07325
08430
00893
12743
09089
11024
03839
03038
09548
04260
09787
03621
09673
12483
11675
04509
09677
00413
02064
11942
04921
11621
07126
12906
11434
02024
10377
11941
03970
10190
00390
10955
10939
09187
01710
08929
04239
01784
07029
11554
13153
04727
03366
02735
07699
12989
01487
11061
05647
06158
07221
00788
01722
10043
04684
12251
12084
04910
03131
01079
09769
07085
00546
10343
02535
09684
00707
13099
10727
11042
05593
00691
00473
03360
08086
03021
11351
03409
04111
08110
09697
04246
08050
06434
09656
03437
02631
00994
10990
00984
00425
02091
07431
02045
11354
01277
04981
04474
00277
00590
10508
00353
00587
10883
07578
04332
06472
06016
12208
13239
00820
07447
08208
08506
07434
04362
07526
03407
02708
10435
03332
12752
08649
00877
05286
02748
01119
10349
00402
09284
10913
01396
03484
02288
10827
05550
13238
13184
07362
03147
00889
12670
06891
10812
03325
10184
08085
07688
11150
03059
08933
09775
01788
08889
06760
06835
09679
07726
08176
00532
10324
12622
04231
05176
00922
10515
11553
05138
10673
04593
09610
06013
12517
07604
02650
06898
04740
05672
07484
09791
02789
06986
03774
07751
06735
00345
10586
03986
11117
02065
03708
05376
01588
10058
09889
03869
02507
03618
08111
02128
05738
08456
01379
04297
07172
01185
02543
02548
10315
07753
10587
02463
08218
03091
03238
12310
00814
07170
04158
04639
09005
07698
10022
12893
00176
06602
08491
10839
11536
12426
10480
05775
06833
09435
07971
01351
06475
11225
02228
04874
05050
02761
10485
09912
03834
02662
07756
03810
05023
08036
04721
06701
10748
11019
06757
01349
12141
04607
00259
04283
00604
09509
04967
09968
12294
11258
05628
07925
07075
12839
05510
11754
05424
06471
01125
05766
12427
07538
12965
00200
07543
04122
12853
08603
04493
09956
08333
11482
04206
07731
11216
11341
09173
03346
10578
07144
11824
07326
04463
08396
09627
00168
03962
10892
12885
00235
08275
11919
07071
07131
10074
08427
08977
00406
03264
08852
11496
05214
08236
06119
01840
01214
11168
04460
01988
09084
07171
05342
11658
00513
13067
05160
00511
02914
04050
00904
07723
02820
07106
01367
10825
03242
12669
03451
13083
12808
05046
03806
07655
10449
01824
10180
08368
03226
05648
08369
08707
08710
06571
05223
03199
09293
08182
08486
10158
04515
10388
04118
12714
11860
10625
04339
04766
12192
02717
03103
04255
09322
13003
01674
10894
05834
02370
12471
11075
11533
05312
00720
02684
04217
03636
04090
07505
08005
04565
07190
01558
10959
12011
02079
04271
00247
07624
02374
02102
10658
06093
07098
03263
01499
04788
02242
07635
04026
01666
06097
08504
02621
01681
06857
06520
01416
07295
09578
07582
02215
07789
07068
04232
12324
11614
08149
01244
07872
05708
06166
07857
02485
04650
10059
02379
01024
02383
08228
02668
12910
02521
06728
02397
11408
03126
10361
08577
07879
04560
07211
10786
09242
01336
12396
08606
09053
05539
12264
12188
11289
04107
07649
03686
07107
05944
12691
08767
04487
01513
11189
06789
06508
11716
10175
10303
03904
07046
00520
12630
13050
11518
07915
02843
10817
09635
02012
00264
13025
08744
03684
07560
04738
01868
07436
09931
06948
03219
02799
05943
12925
01717
09751
10558
10691
04022
05349
00705
12610
09278
02895
01616
04785
08619
00574
01320
08136
10407
10769
11640
10121
03545
04760
04381
11967
12382
08821
09825
03319
03829
05445
01293
04066
06658
09599
00780
00301
08837
01464
03884
00296
03465
05069
11698
11093
02470
00522
09111
08733
01650
01060
06643
04453
05173
06751
06513
04404
12226
10573
08616
06282
12596
11157
02244
08256
12475
12560
05350
00352
03292
08779
08749
11283
09545
08694
05878
00579
01180
07208
12105
04770
04433
10117
00529
09090
13199
12000
10756
07127
12327
08539
05662
01111
12631
10853
00914
10200
05525
00890
10049
03585
08715
03125
06257
12163
08660
06820
09105
05378
10494
02673
11896
00567
03836
06386
00333
08245
11249
01531
08483
11432
04334
07173
12588
00401
04778
11816
03013
05622
04228
10762
01654
05074
09471
07993
04681
07770
08180
08872
00463
03010
08535
12861
03282
06624
02896
07240
10034
11645
02132
04745
01047
06122
00329
07050
01838
06536
01133
11402
10677
06102
11036
10948
04537
13021
11815
00081
06194
06182
04266
01383
05649
06629
08575
11079
03598
06963
03767
03349
01139
08116
13219
12256
10739
07078
04697
01929
10334
11397
12040
09158
02248
05596
01101
06332
04473
02904
02724
06721
10859
02097
01591
10633
06979
09823
01317
01264
04672
01075
10478
00645
03399
05335
13092
09597
06854
10819
08446
12881
11406
08941
08994
02826
12774
06498
07312
04445
09209
10222
01150
03814
07418
06575
12896
01466
03550
09124
01773
00322
06264
06444
13230
04214
08153
09103
10550
12958
04429
04632
10687
00990
03517
02645
11491
00687
01098
09526
06302
07852
12480
04366
12377
07040
13102
04844
06372
09230
06534
06491
11934
09624
02919
09594
05409
03856
05343
12987
01231
03197
00362
11239
09981
07629
06308
00089
00261
02145
11356
07844
07718
00347
07812
07643
12700
01655
12770
08562
05833
07594
03889
10818
06157
07237
09140
11589
06149
12508
00287
06612
00638
04541
07203
04528
06980
09706
05309
04314
08806
06574
10630
11235
06449
12296
12938
10319
11689
11872
05625
07787
05690
04793
02700
03559
11213
01142
10247
11847
07742
02108
13137
09842
04049
05513
03468
02539
11646
06179
02519
04097
09986
08609
04731
09372
06019
02786
08858
04512
06862
05915
02296
09726
13169
12734
06420
01751
05658
01066
09072
07559
05422
08760
02202
10195
07596
02661
09473
07202
11537
00364
00030
04494
10976
04305
00944
10497
09413
02196
07916
00774
07457
09238
13249
11786
05749
09570
05689
02664
04435
04648
07485
01154
00445
01951
11810
00749
04000
10710
11755
09157
01255
10942
01595
00175
10210
10901
02270
02124
03786
04821
06392
05426
01724
03902
02862
12120
12976
11708
03596
11770
03969
02654
07263
00313
01063
07928
02115
00061
02533
10685
01159
13283
12070
08503
08351
10243
03564
04939
01671
06087
03279
05956
09130
12235
12899
03694
08770
09928
05121
07205
07406
00838
04222
13216
11992
06138
08199
08845
09021
01775
04744
08247
11569
00891
02911
12450
00094
06495
10475
06797
05809
02435
10336
10114
03398
05348
05626
01084
08484
09843
02476
08463
04226
11162
01471
04975
12659
10265
07443
05041
08550
10744
05838
00101
06669
05089
12642
09850
00901
03178
09295
05142
06256
06736
01594
10845
07547
02726
01979
01702
02907
05395
07074
00899
03960
02003
08493
07791
12052
08206
06991
01405
04115
11317
01272
08237
09999
07284
03485
02639
00041
05255
06997
05534
07640
08693
09421
07976
12708
09454
11587
10246
05357
00552
10170
07712
04268
02067
12533
11799
06810
11538
03035
03307
10005
12628
13132
13268
01836
11071
02912
05198
00847
05733
03824
02961
12602
08065
06470
11619
01425
10938
02808
00518
05054
09600
06872
00690
06675
12468
03754
13225
08949
05527
07241
12924
02999
06608
10926
07017
13001
07209
09400
02104
09530
10824
02243
10297
11440
01843
09386
01409
04279
07372
09943
07219
04139
06478
10115
00615
04689
00598
09604
05070
02549
06756
11196
11757
01356
09326
11214
03305
02934
00796
09234
09025
12121
09355
01958
01022
03069
02472
00559
05815
00547
09133
11506
13261
00801
09862
10466
10708
07528
10422
10732
01865
08532
05735
05417
00246
10397
05456
06086
02785
12102
09428
00951
12319
11207
08724
08677
04127
08161
09007
08784
02224
03168
06178
10720
11970
03887
04909
06805
12225
06303
03737
02515
06012
09361
09634
11879
05598
07010
04767
02256
11890
11087
06867
11978
03025
12920
06089
00918
00905
06037
02697
11680
10548
03623
04426
04256
00107
05116
08759
00829
03134
04899
11831
05009
05849
00771
04294
00062
06374
09060
04054
01086
05760
11426
11098
00343
04806
07123
01642
03821
11788
13197
07364
11649
04477
02777
01738
07361
07608
07156
08155
04656
08587
07897
04696
12227
02019
10083
10014
12541
00398
02637
07719
13276
02607
05216
01029
05641
05094
02601
12977
02269
02246
01446
05580
03395
01662
01152
11034
10598
11694
09798
02530
00388
01949
02848
07159
06156
00715
03922
04121
03127
12947
13205
06287
07838
04914
06699
02605
05481
06588
04549
00419
07966
03228
08811
03864
09980
08405
11467
11275
10850
03837
00620
10312
01105
00337
12341
03006
04081
13123
05680
11571
10250
12856
07750
13150
07725
01386
11492
05170
05272
02114
01212
09484
12386
08082
00685
08389
09643
00066
11516
12818
06343
08358
04559
02077
06990
12142
05463
01991
12207
02681
09506
05688
11014
06208
13279
04619
02693
08887
09887
09712
10477
12112
04409
01071
00953
06227
01980
11575
04570
12555
12058
02027
03950
01873
02201
03136
09149
02516
03523
02139
08847
05737
08092
07592
08891
05933
01045
03802
12015
11917
00681
08538
00446
01789
03860
07570
12413
09054
04170
05498
01802
09513
00292
01821
04859
01750
00763
11894
05146
10130
11592
08671
06866
06464
02443
02677
00760
11218
11055
11430
11703
02301
02241
05292
04717
04169
04415
05971
07117
02805
10925
07902
00499
09921
08763
09630
10682
01559
04614
00628
10370
05127
04861
05240
02429
08241
11131
03700
07518
01385
04060
03151
10705
05497
07454
03813
07275
01235
06900
04043
09591
10695
11653
11046
08321
05033
07032
05961
03339
02155
00377
00539
02800
05657
07437
10864
08449
07102
10797
07095
08912
05832
04599
06994
02577
05806
01370
05800
07175
02445
01291
09190
09462
10047
05327
09146
09178
02755
09923
12995
09851
04420
00923
12174
11313
12880
11044
08448
00699
06715
07927
06943
03379
04472
11377
13166
08356
04936
04084
07178
01573
06620
06261
11877
00307
07715
06755
03157
11487
09782
13226
06381
03729
05732
04833
03435
05714
01741
08254
13193
07272
01340
02882
02830
06291
00024
05787
09692
12166
03811
02177
03403
11476
05145
04419
05552
10572
05840
00584
12795
10538
07138
09949
08089
08822
07808
10342
00767
11725
08481
02619
01941
03175
02198
01803
01241
02322
00431
07195
00465
04230
11667
06950
07908
00334
10971
11478
10647
03099
01286
04186
02685
10645
12671
06599
12195
01796
10182
00263
12739
09119
02013
05780
10178
11870
03783
01246
00659
13088
06028
02504
07167
01268
07773
04753
09465
01832
01004
09596
05179
08391
12023
07309
09809
02531
09958
08329
06115
09618
06040
04796
12020
08021
10623
06576
08365
08361
13281
00534
06197
11181
12684
05889
01797
04133
07938
13236
07149
02478
09796
00196
12606
07832
08406
08634
06550
11540
03804
03504
06340
01976
05477
03851
04907
12972
07591
13163
05637
04710
08624
11880
03281
10450
08965
08559
12420
08478
09453
04479
10219
07006
01757
04517
03987
07439
00119
13194
05651
07585
07105
04988
01263
00673
10601
00428
12623
08807
06455
08191
01323
12037
05671
07645
06882
08067
12994
09535
03896
04779
11737
01808
08697
05502
05636
01296
12580
00740
03486
02992
01704
11096
08248
04407
00594
08867
09688
09128
07100
06357
10842
11583
03718
04719
12846
02434
09562
04384
08572
02403
00794
08545
05998
10134
08859
11631
10455
07991
00462
08325
12661
13287
05299
11519
12821
06689
08805
00928
04630
12699
05590
04864
07709
06505
08419
10389
09266
09360
07387
13107
00874
10438
05970
03269
00863
04508
01973
10511
07961
06975
00348
00376
03424
11167
03966
08543
08971
01698
00724
05529
05774
01124
00396
01117
05001
09983
04643
00441
01381
00677
12934
01852
08309
09135
01251
03699
09036
06651
01348
00165
09713
05253
12139
06677
03329
01324
11355
08204
06801
00410
02183
08006
07911
00306
12720
00186
07301
09363
05296
08686
10046
01855
12676
10488
04929
02733
08518
11448
06709
02687
05332
10048
11664
11380
10922
01236
12487
01378
07262
07180
05438
08628
07977
04703
05044
01418
08824
04575
04622
08656
09351
10060
04467
12458
01512
12883
05912
02870
07710
08412
09385
02118
11682
10064
04265
06555
09957
09868
04792
07371
00632
06347
12956
09671
10978
01218
02857
04209
10565
12600
09689
11306
00712
08932
03865
00881
02734
06870
07355
10668
03912
08221
11964
05111
02346
07904
04011
02946
01128
06401
12479
05608
05906
06842
01729
00782
09198
09407
00592
04135
03256
12878
02505
05592
03628
03438
08970
07639
08834
11090
08639
05447
08388
08900
10328
11998
12452
07642
03607
06829
10474
02775
01496
07745
12683
12766
11582
12961
00745
00557
07695
01771
00013
02058
01963
04031
10116
08226
06026
12101
02371
05042
10696
05434
08936
04651
01544
04117
09404
02823
01399
03369
05275
01999
11904
07043
05930
02783
09720
09546
03549
11979
04264
05869
00393
10692
05633
09001
05617
04089
04663
07622
02580
07996
08177
11418
08211
10439
01716
05786
10619
08100
04811
04558
10933
12103
05842
10985
03156
06781
11969
05750
12503
10103
11523
11922
08154
03619
04846
10172
11248
01415
02099
03439
06486
13147
09875
06409
00131
12907
08270
08215
07677
02703
10443
00706
05067
00754
13005
05730
03317
09865
00728
03983
03747
04965
08460
13105
05017
02629
05745
12946
10983
08530
10680
04009
10358
01006
02282
10912
03494
07266
13273
01825
03476
12645
09077
08257
07888
01816
03635
02131
05992
00139
03771
08630
09538
03779
07874
10524
05246
12725
05290
08542
09959
11752
09971
03933
02321
02227
01147
11983
01475
08548
07577
12307
12054
11629
06147
06953
09811
01844
12919
03114
00112
11000
04504
10369
08374
03511
07298
04530
06077
02451
02815
13101
02388
07366
01636
09732
05321
06403
09482
00853
11381
06766
12928
09043
13284
03752
11821
07365
00533
05675
06730
12775
05928
08002
07621
11819
08576
07255
04887
10994
01914
05683
12250
04288
01611
11353
09466
00558
02963
10879
11495
05827
03188
03555
07287
04713
13243
00224
03776
06637
10245
00975
05991
09984
07964
01795
04449
01298
07124
12569
09621
00050
02389
01182
11428
02188
13116
01520
02436
12576
00289
01276
09058
09939
06740
07153
04958
06106
09799
12593
01663
04957
12939
11509
12489
06911
04835
07290
05758
01877
02935
11111
07983
12638
01131
04044
01107
08523
06241
12012
05449
04496
13173
01307
09976
00097
05783
11742
01120
07487
01299
02186
01745
07898
11963
04540
10737
08453
03482
03365
10870
05607
00371
12746
03682
00497
07793
11410
02612
06240
11244
00810
10484
09848
05310
07658
02239
03184
05178
04938
12909
11338
10264
07842
04432
03558
06822
05362
08897
03895
08259
01916
02594
01730
12523
08051
03841
04725
13065
08857
11004
12060
10325
02205
12180
05364
06059
09143
08927
00766
12982
10161
08379
10699
07264
03701
05365
13013
06799
02458
03751
11241
04164
00174
03220
11206
09668
10167
01289
09235
08101
05644
03722
10075
06168
12078
04606
01934
02867
11103
08997
00095
13086
01584
00627
09657
11717
07806
03427
01932
10991
05330
12048
08326
05667
05691
10380
11272
12554
03735
05470
04765
02425
06010
05718
09186
10604
06333
06859
05772
05663
04061
06811
04594
02723
08993
03030
02297
01677
02290
00400
12236
11731
11171
02135
11080
06245
08385
02638
01906
01819
01987
09288
04805
09847
11955
11927
02326
03023
03164
08088
01847
05980
05281
10254
01637
12056
09431
03599
05895
09029
09330
00960
03250
04892
12678
02537
05110
08810
12361
02695
11674
11053
03797
11774
02493
02513
10061
02156
04412
05288
04830
10299
01739
12291
03193
08571
12836
12502
09628
13275
11204
09040
03703
12444
05803
01572
12076
11565
05268
03095
10003
11956
01550
06098
05511
07243
11907
09524
02471
00658
04867
02720
00271
10713
00281
10716
04259
00182
11504
09201
01477
09227
04516
10784
09074
12787
05055
03584
05137
04202
11534
04925
04573
10004
12637
12474
09350
06482
02588
00156
11785
09557
06337
07849
07248
09373
02633
07111
12949
06416
04890
10639
10510
04187
11414
04105
11822
00481
05918
07607
03251
08031
01658
07763
09409
10531
12872
05797
02317
12539
03915
06299
06220
00787
00535
00187
04038
10196
04129
07020
04456
09368
10430
05570
09680
11451
02778
03761
00115
06869
11874
01898
00193
03591
08265
09908
07066
06812
11820
04705
06837
01884
02738
05914
06349
06958
04963
02191
01527
02558
08122
01876
00355
11600
11888
09390
13201
08918
00625
04056
12917
11474
00146
01697
09228
02468
06267
01580
02348
11242
05583
09647
09100
11370
08480
03749
02130
10841
02647
06387
01165
09785
09768
06763
12278
06546
06770
13060
03128
08785
06558
05194
08808
04881
05940
10631
03667
01279
02386
09942
02536
13260
04855
09042
04903
08565
08820
02146
04900
09245
05841
04673
00652
04930
10928
01455
10996
13240
00065
11106
03787
07739
06228
00815
12185
10726
12619
02767
07498
10575
04595
03378
05734
03057
00290
01325
08376
10540
00696
02417
00560
04726
06595
07343
13250
07194
00807
05491
04004
09041
05084
05264
03162
01652
10620
08946
05964
05921
09718
09623
05546
11437
00493
10440
11837
00160
02518
12857
11812
07989
02839
12647
06583
04784
01254
04376
02571
09424
11104
07663
00589
01894
11057
03713
07319
05973
12981
06974
08008
00173
07137
12810
00251
02836
00581
02363
12530
12733
12340
10833
13152
03239
04120
08022
08119
04714
01872
04671
05509
02455
09987
00331
07893
10836
08104
09995
00909
07666
02960
06603
12745
10256
01664
10259
11160
02979
05201
12093
13214
04378
01598
09626
10816
05567
05222
11539
05600
00948
08905
03743
08500
12343
13085
01224
02083
12824
03275
08734
11017
08047
06413
03668
11945
11784
02182
09778
01179
04825
01938
03408
05204
10085
01420
12178
13204
10291
01468
01779
10278
03497
13168
12572
05440
12696
04620
06795
10891
09265
06154
03308
11807
03537
01633
05158
13073
03148
11974
02332
04039
10693
12352
01305
06845
01686
11450
05098
01866
10285
02732
02069
04993
08302
07394
04865
10366
02174
04627
05337
09852
02572
03448
11783
12488
08886
09945
12690
00424
05728
07234
10128
03688
00075
09698
08803
05559
03959
06375
12325
07398
00997
02598
11761
06804
06897
11128
10591
11132
02229
09902
06841
07228
06949
08367
05300
01780
09792
01503
01860
06824
01711
07720
04410
06200
10213
09853
09579
08163
08696
02506
04171
02835
06959
11859
00357
09285
01391
09952
01025
01834
00542
11985
07516
06289
09275
11637
12425
09837
07609
12217
07140
09299
04480
03946
00779
07890
02127
02737
02803
12698
05605
10393
09321
03978
13180
01258
04387
06007
05450
07225
01091
11102
03702
08150
06665
05164
11485
00432
06585
10457
12335
03452
04289
09580
01041
04439
09667
02281
04308
12007
11321
03227
07930
00467
07633
07972
03731
10462
04417
10362
07840
08681
13117
11032
13071
12119
07115
10301
12819
01380
01754
02967
07113
03977
11188
00832
09686
10476
11263
08700
12802
01967
04945
02801
06562
08227
11454
10093
12784
08316
04709
01401
03225
03801
12034
02672
06373
05406
02255
12945
11198
00240
03376
09559
09994
05920
06169
03323
10157
07920
02838
01191
03658
01302
12682
09256
10353
00056
08508
08432
12742
04838
00952
11136
01747
07160
05380
06952
13266
08311
08654
01910
11173
05153
05386
04969
06700
01516
07368
07238
06670
11051
06054
03419
01308
06290
09619
02028
08301
04882
01828
00617
09941
04675
12898
09555
08229
10111
08295
01596
11395
12009
08095
00849
12538
02418
13059
11392
08937
08934
00784
09063
04897
03882
13232
03818
01691
04040
00830
08081
07369
11893
05202
04503
06443
09169
12974
13091
04722
04498
11977
09690
06275
08098
02822
06601
11988
12288
12154
08112
07708
05083
00145
12092
11050
09736
01620
10890
05652
00258
02447
04777
09024
12804
00597
07755
00732
08179
03383
11728
01783
06909
04211
11349
08719
09767
05962
11094
00915
02153
02084
12467
03320
04194
03402
02450
10562
05190
06792
10352
11458
00079
08796
01996
01732
07566
08981
11797
10742
11232
11202
02037
11038
07283
04954
12051
08999
12943
01430
06930
07018
02894
04215
06647
03396
07288
01270
01173
01508
07285
02982
02343
05569
00793
05306
10309
02106
06492
08561
10662
12927
01981
05034
07785
11015
06090
12002
01242
01082
06029
06489
11833
09499
07093
04999
03266
13224
11511
10165
02955
08823
09501
12159
06216
10950
07646
07317
01118
00032
10654
07910
00341
12402
09443
09687
12223
06885
11527
01541
02279
00395
01093
06552
04986
05024
04253
00945
11886
10674
11265
05796
06528
00002
13148
10663
09790
07660
07858
04904
03849
03039
05464
11580
09003
11805
11035
04163
08299
01064
01607
05040
09269
02211
06218
07082
00132
01968
08633
01790
00444
08120
11696
02795
07689
12240
11161
01210
04225
02393
06436
04506
00950
09357
03981
09633
05397
12096
03677
10897
06192
06916
07628
09425
04895
10110
07357
13151
02985
13156
10434
07675
01069
04365
09691
00776
02671
04175
00777
12507
04078
01200
00528
00955
09097
08066
05544
03890
06521
00153
11077
03857
01160
10232
10543
03018
06022
06189
05522
09068
09308
06441
05113
02941
09571
12950
00228
00300
03953
10302
11288
12331
11243
05396
07512
09839
09467
06068
12794
06131
13209
07527
02105
12392
13064
08973
01070
01930
12104
11273
06554
09000
05594
10044
02369
11939
06633
10080
03086
03436
01458
10107
01986
00947
00942
09450
05674
05021
09978
13049
01613
00540
13255
11175
05455
05926
00238
01460
05518
03536
07774
06956
01335
07048
07903
08526
13274
00676
06331
12997
04699
09702
01625
02254
00381
02068
13129
07215
13212
03985
13014
03514
10098
12338
10368
00091
06346
04853
08593
05692
08513
13289
12169
07571
10542
00283
13135
06396
03241
11676
06529
10610
03299
03640
03862
10640
11350
13128
02431
03085
01359
09412
04659
12650
11895
11595
03795
00507
05015
04613
03112
03473
10431
04448
11803
04561
04241
01199
03255
00808
02821
03690
07990
05430
06137
04086
00121
07112
06113
11598
00941
10472
01778
10266
01275
05369
03604
02655
01285
03016
10719
06418
04994
10006
06703
11072
04923
10706
12263
11245
10730
07481
11109
07542
01720
03730
12131
01685
04341
01334
01040
04124
09731
08048
10661
02570
08501
01672
11806
04304
08490
12681
07154
07935
12424
07103
10041
00648
09934
01631
00966
05508
07548
03104
11505
06135
04485
11898
10843
09856
02100
08592
07176
06806
12237
00231
04597
11843
05936
08588
02508
05197
12662
09061
12279
08711
02950
08461
06062
08534
11932
01090
08714
07279
12284
12083
08540
03995
08159
12261
13183
08727
07465
08735
06276
09554
07601
07035
02011
12843
06753
06009
03870
02259
07671
07026
07421
03390
04574
00439
03273
07519
07341
04850
01859
08533
00058
03170
02462
05161
06945
02337
11644
04324
12164
09248
09592
07070
01428
10011
12459
12019
03054
11899
03221
10489
10082
00605
01543
10807
04891
03663
01854
11691
03230
05162
07627
06230
08613
04941
11063
09391
02049
11510
10331
10509
11092
09150
13080
11049
07942
06908
05411
04014
05752
00403
03072
02029
05108
12045
01382
07039
11651
05808
06297
01189
10513
04790
10905
02324
11376
00326
02771
12921
11994
01132
12314
08864
07096
12165
04357
10603
03660
09480
04395
10967
01314
01050
00744
11330
05407
01801
11976
10292
02974
04008
02944
00879
02497
11690
10802
10618
03146
07827
03525
00586
04804
02358
09194
05684
08151
12838
08015
07250
02525
05512
07533
10837
05227
11732
03024
00778
08627
09272
08455
04708
04104
06683
10423
06858
09821
09197
02112
08172
02335
04580
10831
11282
03662
12349
10545
02268
04800
10295
03046
04029
00469
11455
04220
12561
04813
01211
03696
03885
00550
05829
10087
12800
12257
10109
11568
06976
08238
06525
02791
12574
06270
11292
03541
12826
08113
07821
09544
11662
09611
11314
03872
00454
10532
08304
06153
03738
10405
13293
09121
00063
03925
00737
04990
03340
13234
04145
11138
05765
07522
10678
08566
02414
07870
08850
08829
07347
04095
08957
08457
06545
02030
11668
07080
09477
02940
05601
04374
03413
05989
05263
11479
02965
01343
00389
05972
08525
05079
12268
11221
00346
07052
00660
01519
02093
11468
12431
07855
03296
01129
11864
04172
10185
08189
06341
05213
13206
00408
08454
10979
05307
05763
09992
04185
08352
06060
07324
11372
07267
05993
02750
09145
11921
08861
12971
09456
05049
07768
02602
12378
03817
03657
02546
02657
04342
05958
04588
09757
11532
00123
09722
00575
11472
01352
00965
09675
06456
10467
03015
12318
06888
05687
01166
02719
06044
08143
08212
11633
10122
07782
09249
01680
01194
06671
01862
07125
09302
09516
12399
13019
00171
04638
06188
04017
04751
12287
09416
10306
00675
00606
08926
12985
07114
06783
01974
01373
06861
10029
06345
12591
09017
10409
02807
08192
09325
04655
11154
05882
00682
05616
08345
00693
04201
05428
04524
01809
00069
11535
04762
00184
09232
02421
00634
02652
10952
10257
04589
08754
04388
06493
05400
02606
10917
12552
10655
11938
07873
07186
11925
08073
00077
12183
02484
11556
07747
12611
00293
00083
01524
12756
01769
12406
00368
07274
06015
00910
07651
12177
02185
07314
05134
03672
11251
11700
12892
04605
05270
07769
07382
12456
02491
08429
12089
08925
04411
04901
10602
08093
01646
04966
07583
06075
03253
08016
04664
06819
09203
05205
03777
01315
08474
02781
13139
08386
09216
05850
05394
03670
06300
01028
04247
02271
04585
03121
06800
04096
08147
06849
12915
09489
08203
03100
13258
12148
12387
00142
07015
02851
02072
12948
01042
06096
11147
04980
02499
08869
06161
04739
09371
03327
05515
09961
09655
10981
01660
09606
08314
05182
13174
11294
04933
00503
00339
10033
09183
12080
10670
12562
07143
04712
05807
07441
05995
10081
10192
06414
02400
03411
05130
07385
03948
01597
11868
01985
11541
12868
07796
03124
07574
10329
10099
02313
08792
09965
07779
11790
12053
00775
03858
12954
00898
07924
11490
01265
00490
06921
08699
08173
07943
11656
07313
07055
00003
08919
08117
12384
08666
11339
09223
10530
00029
03336
04330
09800
08552
05773
00269
00027
01453
09582
07694
05676
11791
08298
05974
01228
01954
04943
03997
08904
07933
10293
02690
00494
01587
04173
07271
03565
05872
10669
11792
01140
07021
11944
05165
09156
09289
00692
02475
02035
06941
12760
06432
12731
01213
05904
05037
12122
12605
11337
08567
11947
04569
01208
12869
04198
02643
00859
03174
08399
11900
09139
00325
07576
02656
01137
08621
04782
09083
00000
12755
08661
08528
01437
04715
09297
04548
03389
05248
08417
09820
11477
05102
01886
00372
07923
07320
04931
11424
00038
10794
02547
05465
06030
12435
10446
12557
01018
05060
01563
05220
02825
08640
05487
01467
05941
12643
10350
08087
01570
09863
01735
08652
09429
11208
08467
13062
06734
06644
03380
10153
01776
09037
07869
08109
06184
02162
08828
11253
05082
04213
10500
12823
11915
02413
10782
13044
01429
03224
06421
09880
03917
07402
02405
09199
05016
05574
03967
06221
11604
08913
08586
10198
03204
07059
12607
00872
09882
05624
08079
07019
04546
11302
07363
06851
02922
05366
00639
04438
13207
01424
03768
09613
10288
07231
02926
08411
11227
01333
00278
05666
03301
06459
11118
02034
01770
12132
05611
12091
06407
02175
07389
08186
11655
11180
02223
00886
11400
11194
11953
02377
00725
09281
08815
12781
00595
05802
01545
07007
12707
09779
02943
02976
08555
05561
04832
02338
01388
04916
07856
09448
06698
00291
06901
02010
12728
05584
11466
07918
00080
03692
08357
02555
06748
01077
03674
08479
01239
05013
00351
01577
01744
02137
06572
11719
05355
09897
03712
03445
04055
02257
03196
02336
11507
01815
05454
07444
06627
12249
07315
06828
00064
04189
00048
11361
11443
12365
12259
00188
09997
01039
00321
03421
02849
09066
03944
12376
09344
07511
05086
10347
03992
04423
09616
03052
04937
05645
03129
01807
05279
01791
05901
00752
13096
10272
11677
10738
08672
03528
06982
05010
00483
09184
12558
08246
06417
00938
07416
10707
12763
01831
07656
03927
05595
01056
03033
04067
10937
11808
00988
08139
09348
01178
00650
03463
11336
12046
07757
13055
13227
05655
08488
06544
00642
00480
01752
04072
01021
07337
00073
01485
05305
08698
10755
02276
03548
03897
01300
11957
10649
07700
13045
07883
00543
07727
09075
01638
08114
09840
12176
09401
11062
01919
04724
11260
11373
03478
12799
02289
05865
01649
09267
10236
05703
06370
12828
07951
08736
05234
05403
10428
01864
05472
09463
13185
07084
08424
02932
06567
06262
02688
12124
07997
12543
08922
02996
05333
02757
10815
11099
00678
11211
03014
07647
05239
08996
09547
12717
03661
12776
06419
06586
04372
07135
13109
08646
02952
04329
04071
00495
04735
01457
11416
07429
11789
03172
02119
04281
05985
10566
06104
04103
00035
01945
01398
08222
01474
07549
03911
07826
00053
04677
07939
12463
00679
07882
06913
06231
04542
06427
03594
13292
13215
00630
07129
03370
03493
09581
07257
07086
11804
04525
01924
10204
01402
12358
01972
04942
13157
05814
12833
03289
07748
04109
12199
09871
09328
13118
05495
01387
10330
02007
09009
02609
07013
04371
10283
01805
02473
01920
12851
06243
03189
08001
10374
05924
11825
03071
03569
10923
12231
04816
00120
11156
00105
12912
13142
07492
05028
01774
05659
00457
02125
06650
06747
05461
07919
06041
04728
11284
08682
06244
01141
09114
12649
03029
04462
09573
04783
02469
08410
10229
08392
05723
05228
13037
01842
02613
10982
10051
07834
06877
00369
08668
12727
04251
04519
08793
11591
07210
07410
04820
00761
12374
06234
12613
00812
07508
03423
03809
07969
02523
08945
09405
02927
12145
11124
09469
05543
12446
00253
11152
06361
07534
05370
04601
06364
03076
05460
00208
10287
07905
09885
10445
08637
04126
00834
07965
09125
06142
04841
13291
09927
06462
06614
03342
03577
11215
05478
03456
04278
06250
02669
05375
09740
10860
12567
13124
08995
09816
05099
11838
10857
10740
13093
05254
09607
02217
09985
05966
11747
00308
12765
12658
03706
00310
04401
07848
10019
08024
04178
01364
09642
00461
04912
02528
11236
04436
08720
07617
05441
07587
11902
11252
03963
06691
11522
13221
02120
11814
10096
04701
04814
01303
05184
01621
10202
05427
01869
04257
12729
08262
05890
08853
06309
02860
13084
09417
05085
04917
06768
04602
09620
08819
04292
06681
08390
03406
05457
00254
09909
12111
10844
10001
10414
09318
07735
05221
03553
11643
01034
04872
10549
04592
12807
11683
06674
08802
01203
08300
00124
09783
09460
03519
04918
07097
05282
08662
01144
07706
05080
06223
00895
04016
10666
05467
13012
01628
00151
10877
03772
06708
00375
05863
