05788
02237
04887
11082
05967
07644
08799
07702
10280
09575
10994
01914
08425
10606
11929
05187
01048
09446
05236
05683
12250
06773
07970
07625
00686
03745
05627
04288
04179
01611
11003
11353
12018
03798
09466
00558
01548
02963
02984
10879
12773
11495
05827
11465
03188
03555
07287
07786
12790
06813
07345
07850
05748
07354
08219
04713
11627
13243
01134
00224
08782
00607
12993
03776
08384
00133
06637
07311
10245
04274
12542
10261
07998
08263
08836
12936
04336
07654
09274
01841
00975
00842
05991
03782
09984
03150
07636
07964
00360
01795
12537
10269
02527
04449
03222
01298
01810
07124
09738
06774
12569
01121
13235
09621
01983
10035
05953
00050
03930
05837
00964
09913
02389
01182
11428
02188
06451
08653
10688
13116
11499
01520
02436
10528
00084
12973
08664
00655
12576
00289
01276
11882
09058
09939
03617
06473
10002
07721
06740
10143
11975
12486
09062
05483
06548
07153
04958
10709
06106
09799
12593
07396
07224
00430
07926
01663
04957
12939
05746
11023
01849
11509
08285
12489
06911
01108
12222
06094
12491
04835
07290
02101
07016
02829
05758
10498
00943
01877
02935
11111
13195
07983
08046
09251
07381
05329
05185
11711
12873
12651
12638
07909
07165
09185
00216
05759
01131
04044
01107
01338
08523
02334
06241
07456
00929
06719
00907
12012
10088
05449
00429
04496
06844
00217
00383
13173
03595
01307
10773
09976
00097
01566
11345
01675
09161
00972
05783
01234
11742
12050
02184
01707
01562
01120
01961
07487
01299
02186
09329
01745
12216
01177
07898
11963
04540
04982
12265
10737
09744
08766
08453
03482
03365
10870
00827
01574
09793
05607
00371
09218
09246
04083
06463
12746
03682
00497
02924
00141
11091
08099
07793
09833
11410
02612
06240
11244
00810
05119
10484
09848
07501
05310
00790
07658
02239
03753
11720
03417
03184
11901
04611
09261
11461
00989
00666
11990
05178
04938
12951
04757
12909
11338
10264
07842
04432
03558
06822
05362
08897
03895
08259
00320
05107
08472
01916
02594
01730
12464
12523
08051
03841
01517
01103
04725
06561
13065
08857
11004
12060
02165
10325
11564
09746
05721
12601
00708
11958
02205
02213
02897
12180
05364
03999
04758
07586
06059
09867
04562
10520
09143
08927
00412
00766
12982
08958
10161
08318
04729
08379
10699
07264
08901
03701
05365
13013
06799
11987
06095
09356
02458
09434
04418
04156
03751
11241
04164
01497
00174
05905
02614
03220
11206
09668
10167
01289
09235
08101
12918
10711
07539
05644
03722
10075
09601
06168
12078
04606
01934
09576
02867
11103
05226
08997
02422
12013
08014
00095
04667
13086
01584
00627
09657
03521
11717
02852
06348
12831
05287
07806
03427
01932
09307
12088
10991
05330
11139
04062
03689
12048
08326
05667
05691
12942
11714
10380
11272
12554
11069
08651
03735
05470
09101
08012
04765
02425
06010
05718
09186
10604
04010
06333
04076
02167
06859
03979
05772
05663
02015
04061
07461
06811
04594
09215
02723
08993
07670
10248
01525
03030
02297
08648
01677
05987
02290
06777
03416
00286
07217
08863
00400
12236
11731
11171
02135
11661
11080
06245
08385
01772
02638
01906
07061
02121
01819
01987
00358
09288
01271
04805
09847
11955
12815
11927
10036
03446
09727
02326
07556
03023
03164
11473
09240
07863
05423
09543
08088
07824
01847
05980
05404
05281
09134
10254
01637
11660
08057
12056
01683
03522
11226
08140
09431
11259
12629
12496
03599
11828
05895
09029
04379
09330
00960
09515
01835
04469
06391
10355
04020
11031
03250
04892
09155
07196
12678
02537
05110
08810
04577
10958
12361
02695
05368
12481
02047
06605
13043
08718
11674
11053
03797
11774
02493
05269
02513
10061
02156
04412
05288
00885
02917
02928
09160
04830
11835
10299
12271
01739
12291
03193
01479
08571
03936
07174
12836
06272
02879
11484
00576
12502
07746
01476
09628
08851
13275
05744
11204
09040
12583
03703
12444
05803
00464
01572
12076
11565
05268
03095
04287
08305
10003
01114
02166
07073
04367
05359
05291
11936
11956
09541
04161
01550
06271
06098
01059
05511
09038
07380
07243
11907
06001
03875
08029
02632
07327
08978
00138
09524
02471
00658
04867
02109
11609
02720
00271
01947
07987
10713
03338
00281
00060
10716
00819
05415
04259
06190
10746
08171
13144
04311
03247
00182
11504
07843
12713
09201
01817
10787
11469
01477
01568
11951
09227
04516
11045
09906
13007
01948
10784
09074
09537
04755
07674
11641
00036
06051
12787
01696
12147
04518
02415
05055
04604
08268
12747
03584
05137
04202
11534
02274
02749
04925
04573
01766
10004
12637
03861
05599
10504
09565
10106
12474
09895
08564
09350
06482
02588
03492
06659
05771
06110
00156
02070
11785
09557
06337
07849
07248
00640
11613
09373
10154
02633
09532
07111
12949
06416
04890
12884
10639
10289
11606
10510
07536
02599
07620
11512
00434
03601
04187
11414
02553
04105
03108
08701
11822
09645
00481
05918
00452
03527
06294
10880
07973
12071
11687
05501
07607
10789
06136
01701
03251
03609
05039
08031
07445
01658
02226
07763
09409
09709
10531
11842
12872
11295
05797
09334
03827
03022
02317
00661
12539
12042
03597
11230
00727
09834
11999
03915
12793
01187
12715
02774
06299
06220
02847
05087
00787
00535
00187
01489
04038
10196
04129
03118
03546
07679
03921
01640
04082
10179
05136
07020
06966
08271
09468
06321
08187
11950
09339
09832
04456
01644
08393
09368
04021
10430
05570
11910
09680
12751
01718
01767
04146
05297
02345
06286
04216
09381
00544
11451
02778
03761
07270
00115
02554
08145
12652
06869
12025
11874
01898
09916
01350
00100
06128
01690
00193
08071
00166
10507
03591
06239
08265
09908
07521
11612
06280
06713
10571
02743
07066
01641
04780
00180
07158
04035
06812
10142
04502
11820
12465
12940
09507
11722
01901
04705
06837
01703
10367
01884
04734
04296
00328
02738
08768
05886
05914
06349
00392
01020
06958
02291
11064
09138
05014
10592
02353
11195
03526
04924
00797
12553
04963
00839
02191
01527
00713
02558
08122
01876
00355
02828
03158
00414
11600
11888
03205
09390
04354
05530
04582
01363
13201
12355
02977
08918
00625
04056
09347
12917
11474
12849
00146
10712
01697
08961
10394
11279
03789
07954
04934
09228
07464
04913
05120
13229
05045
12082
09420
04099
05917
00736
09298
00933
00561
12663
10136
02341
04772
02468
04182
11570
08596
05879
06267
07896
01580
11876
02348
10235
12705
10849
01736
11242
05583
09647
06283
02883
10799
04323
09100
11058
12212
11370
08480
03166
01586
11715
13280
03749
02130
00440
10211
11140
07069
08401
10841
05373
04425
10376
02647
04695
06387
08860
01165
02372
09441
09141
03181
09785
04131
04501
09768
06763
12278
04455
06546
06770
04940
13060
11255
03128
05577
04325
08785
03382
06558
08557
05194
08808
04752
02524
08181
04881
05940
13017
10631
08990
03667
06754
03698
01926
04416
12797
13008
01449
01279
02386
07041
09942
13034
02536
12757
00897
04733
07631
07466
13260
09179
11593
03676
06853
07650
04855
09864
09042
12043
02872
04903
09180
05189
02844
06868
04244
07193
12736
08565
07328
08276
05278
08820
07886
02146
04900
06288
09772
06803
05903
08165
08964
04176
02209
00004
09245
03154
00759
11059
01282
05841
07408
04673
00652
03140
04693
06429
02751
12960
04930
10928
07626
05363
01455
09743
01742
09159
10996
13240
00065
00324
06927
00884
01269
11106
02277
03355
03787
07739
02878
01583
06228
00815
12185
11012
06211
11997
04422
10726
02051
02540
12619
10316
02534
02767
07498
10577
13082
00704
10575
04987
08617
04595
00260
10340
01465
03512
08148
12998
08725
12439
01448
08023
01777
02095
08343
12806
12136
10851
03378
04818
10862
04408
05734
00323
02406
03057
00290
01325
08376
00007
13262
05351
07672
05325
05339
08968
10977
10160
06172
08062
08251
10540
00696
02417
00560
04726
09427
06595
06992
09869
07343
13250
07194
00807
01404
05491
00619
01700
04004
09041
05084
12428
11520
07251
12913
06395
05264
03283
12967
03162
04272
01652
01978
10620
07422
08946
10546
11247
06639
01880
06073
11562
06940
05964
00654
05921
02891
08286
12137
00571
09804
05167
01610
03859
09718
09126
08510
09623
08232
00370
11460
11159
05546
05950
10225
07864
04956
06821
11437
10753
07424
13177
00493
10030
08556
10440
11837
05124
02556
00160
11769
02518
10741
12857
11812
07989
02839
05459
12647
06583
01623
08679
04784
03460
01443
01254
04376
02571
12179
11422
09424
09920
11274
11104
05103
12107
07663
00589
01894
11057
03713
07319
09335
05973
00958
07881
05638
08954
01316
01195
07532
02593
13203
08128
01634
12981
06984
07717
08338
06974
08008
00173
10255
02512
07137
12810
04208
00746
09397
00251
02836
00581
02363
12530
00723
12733
01965
12340
08183
06969
10833
13152
04579
10653
03239
03259
00566
12311
05817
05922
00848
04120
08022
11442
07198
05280
03331
09527
08119
04714
01872
02813
03483
02111
04671
05509
02038
05988
12753
10323
03629
10151
09878
02455
08903
09625
05211
09478
12816
00709
07936
04359
11122
09987
02495
03645
03822
08716
13106
04631
01011
00331
09683
04106
07893
10836
10412
08104
09995
00909
07666
02960
06815
06603
12745
06780
10256
01664
10259
11160
02979
05201
12093
13214
00150
04378
11417
09696
01598
00071
13047
12894
10840
09626
10816
11070
05567
07469
05222
11980
11539
05600
00948
07163
08905
04848
09892
03743
08500
12343
12655
03488
11456
08795
13085
01224
03913
02986
01893
02083
12824
03275
08734
01943
11017
08658
08047
06840
10609
06413
03668
05168
05770
13182
11945
11784
09067
00913
11280
01891
02182
09778
06084
10379
03510
01179
07871
04825
10690
12385
02772
03945
09496
08280
01938
03408
10274
09151
05606
05204
10085
08052
01420
09972
09056
12160
13231
12206
05554
10447
08667
12178
13204
02711
10291
10326
01468
01779
01426
10278
03497
04070
04166
04952
13168
12572
13110
12469
05440
05710
10276
04583
12696
04620
09975
04224
00646
06795
07691
10891
11163
10694
00876
09265
06154
03308
11807
03537
02850
08516
11170
01633
05158
06500
10811
13073
03148
10260
11974
11827
02247
02332
04039
10693
09518
12352
11119
07391
07435
05090
10320
01305
02477
06845
01686
02884
03304
08400
11450
06469
05098
03863
12584
00222
01866
12242
10285
06742
11375
02732
13196
03644
02069
12594
06831
06063
06126
05260
04993
09988
08302
00629
07602
07394
04865
04030
01602
10366
01830
00378
02174
03918
07453
04627
05713
04526
09045
05337
09852
12991
12599
05646
02572
11144
06315
03053
03448
11783
12488
08886
00181
09945
00340
09805
12690
11981
09753
05093
00424
05728
04303
06002
07687
07500
06830
06855
05822
02532
09664
07234
10128
08569
03688
01459
07705
00075
05008
09698
05949
00664
08803
05559
03959
08348
06375
12325
07398
00997
02598
11761
06326
06804
08337
06897
12126
08414
11331
11823
04051
11128
10591
13119
11883
11367
07722
09403
09205
11132
08090
07370
07383
04836
12932
09257
12548
07388
02229
07777
00961
06526
05289
13228
07179
02701
01181
03984
06145
12592
09902
03871
06841
09388
03056
09129
07228
06949
12098
11617
04670
08367
06120
05300
00088
11634
03309
02355
09015
04394
01780
03415
06406
09792
00270
05540
01542
03470
01503
05346
01860
00312
04911
06824
09491
01711
09163
05812
11009
01533
01604
05063
11829
11238
11412
01882
11928
04413
07258
01113
07720
04410
00564
08947
06200
10213
09853
00883
00011
09071
06864
05101
11517
06390
02411
09829
08728
04534
09579
05051
05446
03049
03303
03179
09953
08915
08163
11475
08696
11267
02506
10437
04171
02835
07426
06959
11859
09922
00580
00357
09285
01582
01391
03324
05318
02705
10199
06354
12673
09952
04181
07999
02050
01025
12244
07517
07222
01834
02492
13052
01250
02699
03762
00542
06237
01327
11985
07516
06289
09275
11637
06336
12425
06318
09837
07609
09438
11817
12217
01003
07140
02055
09299
07299
04480
03946
00779
04037
07890
01812
02127
02737
08644
02803
12698
09091
11174
07218
09617
05605
06487
05629
01850
10393
05230
09321
03978
13180
10017
01258
01319
04387
09998
12516
07407
06007
10749
11616
04351
05450
07829
07225
01694
01091
11102
12473
02625
05700
12348
03702
09250
01535
03246
08150
06665
00738
04764
12128
05881
02900
12494
05392
10378
06453
12685
10605
04183
05186
03916
11501
03726
04331
00672
12769
07733
06556
05164
11485
03009
05150
03060
01188
06686
00432
11316
04960
06585
10457
12335
03452
04289
09580
01041
09458
04439
02710
04397
09667
00108
02107
02281
04308
12007
05668
11321
03227
07930
00467
02729
07633
07972
04955
03731
10462
04417
10362
07840
05887
08681
13117
11032
13071
12119
07115
06003
01127
10301
04358
08883
07245
12819
02009
01380
12022
01754
02967
04234
07113
03977
11188
11710
00832
07031
06151
05458
12342
01161
03434
08160
09686
06248
00545
10476
12758
11263
01469
08873
08175
08700
05870
03567
03524
12802
12323
09224
03923
01967
04945
05315
02801
02214
08519
11871
06562
04018
01046
08227
07682
02953
05553
11454
01684
10093
03853
11611
12784
08801
01100
12230
10793
12792
04768
08049
08316
09759
03805
12364
04709
01401
03225
04302
03801
12032
01038
11234
10972
06961
12034
02672
02909
05277
08917
06373
06255
02018
05406
02255
07473
11028
12945
11198
12143
11470
00240
03352
04668
03371
03376
10086
09559
09994
03216
00523
05920
09011
06169
04344
01763
03323
10157
07920
02838
09408
01191
03658
01302
12229
12682
09256
03055
05506
07062
11588
12633
11224
09558
09523
13252
10353
08290
00056
05568
08508
03202
08432
12742
04843
06389
06205
04838
08334
00311
10715
00952
02465
10042
11136
01115
12440
01747
03905
01106
07160
01578
05380
03924
06342
06952
13266
08094
07286
08311
07736
08654
12086
08496
01910
06313
11173
05153
01804
09093
04058
01432
09903
04974
05386
04969
03089
06350
06700
07077
01516
07368
07238
06670
03958
08642
08409
11051
06054
02680
03419
04392
01308
06290
02560
09619
06788
02028
08301
04882
01828
07185
07561
09520
10684
03177
11850
06076
00617
12309
09941
04675
12898
13267
09555
08229
10111
09883
08295
11125
02740
01596
11395
05858
03135
02903
12186
12009
10028
05821
08095
00849
11178
10899
09472
12538
00082
13265
02418
00113
13059
08705
11392
06043
10311
09615
08937
03780
08934
00784
09123
11744
09521
02591
09063
06724
04897
03882
02921
13232
05219
03818
01691
05677
06610
04040
12532
00830
09641
08081
07369
01294
00554
11893
05202
04503
06443
09169
12974
03796
13054
05188
06210
10403
13091
04722
04498
11977
02788
09690
01659
06233
06275
08098
07716
02822
06601
07805
08157
11988
04680
09728
03050
02265
03835
12288
12154
08112
02169
07708
00437
04747
05083
06570
13159
00145
12092
09646
11050
03955
08017
09736
01620
06732
03934
09369
10890
10927
01395
05652
00258
01353
00178
08156
06246
02298
02447
01201
09567
04777
02916
02566
04857
06722
09024
07814
05678
03169
11771
03654
01331
03560
02568
05062
11262
12804
04298
05494
08038
00597
07755
07351
03894
06311
01174
12109
00732
08179
09377
07400
03383
11728
06619
13246
01783
06909
03909
08882
04568
10763
10401
04211
09370
09485
02617
11349
08719
09767
02328
03315
09039
11390
05962
05068
03232
11094
09399
00915
02153
02084
12467
03320
04194
01280
01390
10561
01933
03402
11318
07762
11852
02450
10562
06985
05190
07004
09220
09444
06792
09711
10352
05212
04970
08363
12505
11458
07686
11342
13095
00079
10800
08796
01996
05241
01732
07566
08981
09319
05579
07036
11797
00671
05685
10742
11232
09433
11202
02037
11038
00125
03117
00800
00956
00342
07283
12133
04954
08451
12051
08999
02314
11137
05126
03272
02278
09102
09315
00653
12943
09177
03373
08797
08683
08943
05232
08875
07189
01430
10596
06932
06930
01030
10813
07018
02894
11836
04653
07835
06611
03214
04363
03176
08963
09419
03928
02171
00817
09990
10848
08421
04215
06647
07367
03396
07288
12067
01270
10750
11357
08415
01173
01508
10764
07285
07182
02982
00479
02343
05707
05569
00793
05929
05306
10309
02649
02106
06492
08561
10662
08123
12927
12660
01981
05034
13208
05719
07785
11015
12978
06090
04797
12002
07065
01242
01122
03300
03540
03083
07836
00422
01082
12581
06029
04896
06489
11833
00562
04285
06636
09499
08692
08839
02204
13022
07093
04999
11043
12499
04382
09243
03266
13224
03675
11511
10165
02955
07967
08823
08643
08676
08476
05048
09501
12159
06216
01667
10950
11548
07646
07317
12293
10139
00803
01118
04047
00896
00032
12754
10654
07910
02876
01033
12952
00341
12402
09443
08077
08541
09687
02975
08020
08250
12223
03229
02510
10436
02604
06488
13015
00651
07934
05432
06885
02622
11527
10779
09940
09584
01541
02279
09231
00395
00641
01093
11848
08942
06038
00046
06552
04986
05024
04253
00945
12127
05614
11886
10674
11265
00453
06183
07184
05383
00903
06539
08955
05061
05796
06380
06528
00002
13148
06737
06065
03306
10663
08774
05114
03044
03116
10076
13038
08765
00996
09790
07660
09813
07858
04491
04904
03664
03849
03039
05464
01721
11580
09003
01417
05075
11805
11035
04163
00702
11768
08299
09528
06021
04380
03592
01064
01607
02302
10420
03991
05040
09269
08200
09926
13046
02211
03433
06218
08080
07082
00132
11549
11884
01968
09964
12711
10218
08633
00563
06947
08039
07828
01790
00444
08120
01837
11696
02795
08781
03101
02096
08849
06247
09020
13076
07689
00845
07506
08312
12240
11161
08439
01210
11304
02419
04225
09529
02393
06436
04223
06716
04506
00950
09752
09357
13198
05471
11830
08553
03981
09633
03717
05397
12096
03677
10495
12087
06782
07374
11984
10897
07507
06192
07589
04884
01719
06916
07628
04895
10110
07357
13151
02985
13156
13242
02562
10434
07675
00894
07303
02796
09724
11463
06823
01069
04365
12933
09691
00776
01863
08420
01733
02671
09048
05247
07661
12864
03375
09776
10873
08341
04175
01818
09605
10492
04660
00777
12507
08350
11016
10384
05106
03847
09877
10644
04078
01200
05004
01913
02938
10536
00528
00955
09097
13024
08066
08507
12865
05544
03890
06521
06776
07676
00153
01260
00052
11077
00530
03105
03857
01160
09766
10733
03414
02452
10232
10986
12035
11787
06702
05131
10543
06360
03018
03397
06022
06189
01266
05522
09068
00963
01009
03669
09308
10608
06441
11972
08854
02082
05113
02941
09571
12950
12693
00228
00300
03953
02846
04674
10302
07376
03509
11288
12331
03741
11243
05396
03020
08349
06613
04403
08620
07512
11287
06162
09839
05533
09467
02001
06068
11095
12794
03326
06131
09858
13209
07527
03004
02105
13143
02827
09033
12243
06329
03267
12392
13064
10554
10643
11299
09936
08973
00122
00854
10020
01070
03973
01930
10698
12104
09127
11273
05169
03903
06554
09000
05594
10044
02141
02369
06312
11939
06633
01088
09383
11320
04654
00980
10080
01347
02287
03086
06000
03436
01458
10667
12218
05196
10107
03651
01986
03469
07333
00947
03907
00478
00942
09450
05674
05021
09978
05669
10100
07554
02116
13049
01613
11076
11325
00540
09588
13255
11175
12701
01689
05455
05926
07783
00238
03610
08669
01460
09035
05518
03536
00970
07774
11943
06956
08135
01335
07048
07903
08526
13274
00676
04203
13039
06331
12997
04699
00157
09702
01625
02254
11384
06382
12275
10771
00381
02068
03941
06749
10141
01341
13129
07809
07215
13212
02983
03985
13014
12485
03514
01031
06593
05105
10098
08319
09202
06531
01472
12338
03070
07164
07899
05025
10368
08762
00091
10119
06346
04853
02305
08593
06399
03051
05692
08513
13289
12169
03092
07571
02811
10542
00283
01853
10556
13135
13134
09099
06396
03195
06668
03241
07099
07944
03356
11676
12339
08888
06529
00117
09380
01198
10610
01157
02347
00423
03299
09748
03640
03862
10640
11862
11350
13128
02431
08611
10930
06676
02696
03276
03085
09898
10203
05951
11873
01359
06327
09412
12735
06596
04659
04962
05804
06483
12650
11895
06786
11595
03795
07130
12193
00507
10068
05015
08353
06480
04613
02318
00858
03112
06922
11228
03473
08531
12381
06458
04250
01627
08033
10431
04448
12668
10307
00669
11803
08536
09366
04561
12220
04241
05372
01199
03255
09367
00808
01145
02821
01553
03690
11039
02424
12996
09674
12692
11026
09313
09944
04885
07990
05430
13069
06137
04086
00121
08923
12351
07797
08647
07112
06113
11598
00941
05356
10472
06847
12171
02931
10298
01778
01839
00135
10266
01275
05369
03604
02655
01285
04511
07811
03016
10719
11278
09193
04694
10512
06769
13094
06418
12336
04994
10006
06088
02078
06703
12922
11121
11072
04923
11712
10706
02410
07023
12263
11584
03793
11245
11673
10730
07481
10888
00201
11109
07542
01720
03730
02266
12131
03643
00697
01685
04341
13078
01334
07223
05892
01040
12146
10987
05739
04124
09731
08048
09212
10661
02570
06839
09826
08501
01672
09050
11806
13036
00821
04304
08490
12253
12681
07154
09213
07935
12424
09148
11794
07103
08007
06338
10041
00648
09934
09663
01569
01631
06775
01412
00908
00966
05508
07548
03104
06351
13126
11505
06135
04720
04485
07419
01946
11898
02634
10843
11126
09856
02100
08592
07176
02567
12966
06806
11857
06664
12237
01136
00231
03110
04597
11843
10963
05936
08588
03943
06695
05452
11010
02508
06039
11112
05197
02817
02399
12662
08339
09061
04291
12279
07819
08711
02950
04665
08514
08461
01657
04840
06062
12544
04845
08534
11932
07537
01090
08714
05140
08921
11285
01080
05828
12783
05911
00484
07279
03186
06623
04550
12616
06954
12284
10506
05469
09881
12083
08540
03995
08159
11695
12261
09229
12891
00573
03293
09018
06693
02623
06144
02683
13183
06507
02267
10866
00266
11524
08727
07465
08735
06276
09554
05873
07601
00350
02208
07035
02011
12843
06753
06009
04019
03870
04815
02259
05537
01112
01357
04636
01643
07671
02356
07026
07421
03390
04574
08626
00439
03273
07519
07341
08527
04850
01859
03498
10499
12156
12149
11276
08072
08533
00570
08791
00058
09207
03170
02462
05161
06945
02337
11644
12632
04324
05100
12164
04168
07946
03695
10410
09248
07758
03153
09592
03570
01890
12443
07430
10137
07070
01428
10011
03115
00516
08610
12459
12019
03054
11899
03221
10489
10082
09590
00605
06215
01543
10807
09685
06946
11101
09200
10629
11849
10223
00809
07728
04249
06564
07352
04891
08355
06705
08546
11960
03663
01854
11691
06292
04475
03230
08844
05162
07627
04327
12003
04612
06230
08613
00624
04941
11063
05586
09391
02049
11510
10331
10009
10509
11092
09150
13080
01220
11049
07942
06908
05411
04014
03041
05752
09955
00403
02074
03363
04737
00719
10015
09930
11856
02231
03072
00210
01163
02029
02409
08416
05108
01394
12045
05244
01382
07039
01782
05785
11651
05808
06297
10516
01189
10513
04790
01223
10905
02324
11376
04618
12272
05639
00326
05072
02771
06635
00243
12921
11686
11994
01493
01132
12314
08864
07096
02563
12165
04357
13290
06440
00806
11088
02615
10603
00647
05767
05855
02441
00900
06079
01392
03660
09480
04395
10967
01314
01050
00744
02780
11411
11330
06410
00591
01695
10617
02782
05407
01801
10070
11976
08362
05776
10292
01956
05200
00302
02974
10067
02126
13136
04012
03314
04008
01885
02944
00879
06622
12344
02497
00482
11690
10802
10618
03490
03146
02875
07827
07060
03525
03588
00586
01944
04804
02358
09194
09312
05684
08151
12838
06191
12418
08015
00130
11433
07250
09131
01288
02525
05512
07533
10837
04484
05227
11732
08515
03024
10385
00778
08627
09272
10021
08455
00783
04708
04104
12712
12615
06683
03311
10423
06858
12368
07014
12345
09821
09197
02112
12337
08172
02335
04580
10095
03028
06445
10831
02968
11282
03662
12349
10545
02268
10584
11220
04800
10594
10295
00349
07233
12525
04459
03046
01760
04029
01510
11385
03725
08579
03886
11577
00469
11455
04220
12561
05439
04364
04813
01211
12451
07981
07598
05066
03696
06509
01618
03885
00550
01498
11813
09337
05829
10087
05519
08910
11949
12800
12257
10924
10109
11568
01554
02365
02460
08674
09165
09857
06976
03825
00206
13245
08238
06525
02791
12574
07690
06270
11292
04991
08234
03541
05830
00954
10013
12826
06704
08113
07821
10514
01274
09544
01065
11662
09611
11314
03872
00454
10761
08832
12709
10532
07338
11550
09745
04188
08304
06153
03738
00155
10405
02133
03566
13293
09121
00209
07816
06744
00063
04167
01794
03925
00737
04990
02329
00096
03340
13234
04145
07678
11138
05765
00373
12674
06957
04128
07522
10678
04640
09490
09349
11918
08566
02414
07870
03180
08850
08829
07347
04095
08957
05408
00017
03198
02304
07022
08457
01522
06545
02030
00169
08730
11668
07080
09477
02940
05601
04374
03413
05989
03441
05263
11479
10798
04155
09022
02965
06376
09396
03008
05661
01343
03968
00568
01130
06972
08282
11374
03215
06140
00389
06304
05972
06663
08525
05079
08091
08340
02925
12268
12322
08614
12125
03673
12438
10127
05193
02173
06474
11221
06363
02144
08814
04319
00068
00346
07052
00660
01519
02093
11468
12431
09442
09398
07855
01603
03296
10290
01129
11864
04172
10185
08189
06341
05213
13206
10541
13187
00408
04522
02454
07491
08454
09475
04888
07764
11765
10979
05307
00284
04006
10622
05763
09211
09992
07051
08833
04185
04507
10822
08352
07680
09574
06060
12741
09069
07324
11372
07267
05993
01097
00931
02750
09145
11921
08861
12971
09456
12527
05049
12241
07768
05104
10066
02602
11543
12378
10271
03817
09343
01793
02770
03657
04716
02546
12875
02657
03611
07892
09188
04342
05958
10145
01507
04588
09757
10537
11532
06798
00123
02366
09722
00635
12834
07772
07912
05414
09277
06032
04578
02706
07825
00575
11472
01352
00965
09675
06466
06456
10467
03015
12318
06888
05687
06607
06320
01166
02719
06044
10792
05965
08143
09137
08212
11633
01436
08126
10122
03081
07782
09249
01680
05673
01194
00991
09622
05597
00582
09725
06671
09191
02263
02646
08076
05854
01862
07125
01536
09302
13002
01581
12090
09516
04348
03466
12399
13019
10282
09536
00405
01164
00171
03426
06538
01590
04638
10973
06188
08418
05018
04017
04751
05261
12287
11948
06408
01593
06467
09416
10306
00675
10413
00606
08926
12985
07114
06783
01377
01974
04646
01373
11779
03757
09317
11923
03626
06861
10029
12886
10932
06345
04488
11007
12591
13031
06967
09017
11006
07489
07268
00418
10409
02807
05934
06895
00019
08060
12233
10037
06004
13149
02151
04269
08192
05139
03956
12144
07390
09325
06981
05896
12398
03867
11449
04655
02824
11154
03074
11056
11579
13254
05882
03042
07590
10132
02978
11269
09874
00682
11567
01229
05616
08345
00693
04201
05538
06181
05428
07325
04524
08430
01809
00069
00893
12743
11535
09089
11024
04762
00184
09232
03839
02421
00634
03038
09548
11546
02652
10952
10257
04589
08754
04388
06493
03237
05400
02606
10917
01552
04260
09787
00599
00865
03621
12552
10655
09673
12483
07880
11675
11938
04509
11889
11912
07873
09677
12432
07186
00413
02064
11942
11925
04921
08073
00077
11621
07126
12906
11434
02024
10377
11941
12183
03970
10190
00390
10955
02484
00577
11556
07747
12611
00293
00083
01524
11578
10939
12756
09187
01769
12406
00368
07274
06015
00910
03295
10016
05679
07651
12177
02185
01710
10896
05852
09117
08929
02877
07314
05134
04239
03672
01784
07029
11554
11251
13153
04727
03366
02735
07699
12989
11700
09699
12892
01487
11061
05647
06158
07221
00788
04605
05270
07769
01722
07382
10043
04684
12251
12456
02491
08429
12089
12084
08925
04411
04910
03131
11108
01079
04901
10055
10602
09769
08093
01646
04966
07085
06023
05955
09639
07583
06075
03253
08016
04664
00546
06819
09203
10343
05205
02535
09684
00707
13099
03777
10727
01315
08474
03461
02781
11042
13139
08764
05593
00691
08386
09216
00473
03360
08086
03021
11351
03409
05850
05394
03670
06300
04111
08110
01028
04247
09697
02271
02714
04246
04585
03121
08050
06434
09656
06800
03437
04096
02631
08147
00994
10990
06849
00984
12915
00425
02091
01506
07431
02045
11354
01277
04981
09489
08203
03100
04474
13258
00277
11684
12148
00590
10508
10502
12387
04385
00142
07015
00353
00587
10883
02851
07578
02072
04332
06472
12948
01042
06096
11147
04980
06016
12208
02499
13239
00820
08869
06161
07447
04434
04739
08208
09371
03327
05515
08506
00733
01001
05479
09497
09961
09655
10981
01660
07003
07434
09606
08314
05182
13174
11294
04362
07526
03407
04933
02708
10435
03332
12752
08649
00503
00877
00339
05286
10033
02748
01119
10349
09183
12080
00402
09284
10670
12562
10913
07143
01396
03484
02288
10827
05550
13238
04712
03605
05807
00656
07441
07090
00049
05995
13184
02354
07362
10081
10192
03147
06414
02400
03411
00889
12670
06891
05130
01608
10518
10812
03325
07385
01358
10184
08085
03948
01597
11868
01985
11541
00785
07688
11150
12868
03059
08933
09775
07796
03124
01788
08889
06760
06835
07574
10329
09679
07726
10099
08176
02313
00532
10324
12622
04231
05176
08792
09965
07779
02152
00922
11790
10515
11553
12053
00775
03858
05138
12954
10673
04593
00898
09610
06013
07924
12517
11490
01265
00490
06917
06921
07604
02650
06898
04740
08699
08173
07943
11656
07313
07055
00003
05672
08919
07484
09791
02789
06986
03774
06761
08604
04922
07751
08117
06735
12384
00345
10586
08666
11339
03986
11117
09223
02065
03708
10530
05376
00029
03336
01588
04330
09800
11559
08552
05773
10058
09889
03869
02507
00269
04551
03618
08111
00027
03572
02128
01453
08597
05738
08456
09582
07694
05676
11791
00983
01379
08298
05974
01228
04297
01954
04943
03721
03997
08904
07172
01185
07933
02543
02548
10315
07753
10293
02690
10587
00494
01587
04173
07271
02232
03565
02463
05872
08218
08018
10669
11792
03091
01140
07021
03238
00502
12310
11944
09241
05165
09156
00814
07170
07300
10168
04158
09289
08323
00692
02475
05425
02035
06941
03003
03353
04639
12760
01555
06432
09005
07698
09147
10022
12893
12731
04989
00176
06602
08491
01213
10839
05904
11536
12426
10480
05775
05037
06833
09435
07971
01351
06475
12122
02517
12605
11337
11225
02228
04874
05050
02761
11201
10345
10485
09912
03834
08567
11947
02662
04569
01208
12869
07756
03810
05023
08036
04198
04721
06701
10748
11019
06757
01349
12141
04607
00259
04283
00604
09509
04967
09968
01216
12294
11258
08437
05628
07925
07075
12839
05510
11754
05424
02643
06471
01176
01125
00859
08585
05766
12427
03174
08399
07538
12965
00200
07543
04122
11900
12853
08603
04493
08841
06684
09139
09977
06631
00325
09956
09729
08333
11482
04206
07731
11216
11341
09173
03346
07576
11123
11678
11740
07612
10578
07144
11824
07326
04463
02656
08396
01137
09627
00168
03962
10892
12885
08601
12028
01151
00235
00867
08275
10097
11919
12254
07071
01243
07477
07131
10074
08427
08977
00406
03264
08852
00517
03746
11496
08621
04782
12506
09083
05214
08236
06119
01840
09917
01214
11168
04460
01988
09084
07171
05342
00000
11658
00513
13067
05160
12755
00511
02914
09502
04050
00904
11462
02890
13248
07723
02820
07106
01367
10825
03242
08661
08528
12669
03451
13083
08027
12808
10425
05046
07813
03806
12844
07655
10449
01824
10180
08368
03226
05648
01437
08369
08707
10886
08710
06571
05223
03199
09293
08182
08486
04715
10158
04515
10388
04118
12714
11860
10625
04339
04766
12192
02717
03103
04255
09322
13003
01674
10894
05834
02370
12471
09297
04548
11075
03389
05248
11533
05312
00720
07230
08417
02684
04217
03636
04090
11347
07505
08005
04565
09820
07190
01558
10959
12011
02079
04271
00247
07624
11477
02374
02102
10658
06093
07098
03263
01499
08332
04788
02242
07635
04026
01666
06097
08504
02621
01681
06857
06520
01416
07295
09578
07582
02215
07789
07068
04232
12324
11614
08149
01244
05102
07872
12680
05708
06166
07857
02485
04650
09166
10059
02379
05413
01024
02383
08228
02668
12910
02521
01886
06728
00372
02397
11408
03126
10361
08577
07879
04560
11968
07211
10786
09242
01336
08331
04877
12396
08606
09053
05539
12264
12188
11289
04107
07649
03686
07107
05944
12691
08767
04487
07923
07530
01513
05756
11189
07320
04931
11424
03819
08909
06789
06508
04608
11716
10175
11647
10303
03904
00038
07046
00520
10794
12630
00399
02547
05465
13050
06030
11518
07915
02843
10817
04514
09635
02012
00264
13025
12435
08744
03684
07560
04738
01868
07436
09931
06948
10446
03219
01888
12557
02799
05943
12925
01717
09751
10558
10691
04022
05349
00705
12610
13171
00031
12150
01414
12057
05946
01018
05060
09278
02895
01616
04785
08619
00574
01320
08136
10407
10769
11640
10121
03545
04760
04381
11967
01563
12382
05220
08821
09825
03319
03829
05445
01293
04066
06658
04036
09599
00780
00301
08837
01464
03884
02825
04204
08640
00296
03465
05069
11698
11093
05487
10424
02470
07795
00522
09111
08733
01650
01060
02002
01467
11445
02841
06643
09120
09055
04453
05941
05173
06751
09309
06513
04404
12226
12643
10350
10573
08616
06282
12596
07664
08087
11811
11157
09027
02244
01570
08256
12475
12560
09863
05350
00352
01735
03292
08779
08652
07968
03096
05379
06404
08749
10525
11283
11608
09545
09429
08694
11208
03600
07024
05878
08467
09122
00579
01180
07208
12105
04770
04433
10117
13062
00529
09090
13199
12000
10756
07127
06734
12327
08539
05662
01111
12631
10853
00914
10200
06644
05525
03380
10153
03386
01776
09037
00890
05148
07869
10049
03585
08715
03125
06257
12163
08660
06820
09105
05378
10494
02673
00299
04995
08109
06184
11896
11326
00567
02157
03836
01612
06386
00333
08245
04069
07206
07104
04373
11249
01531
08483
11432
04334
07173
12588
00401
04778
11816
03013
00741
11971
05622
02162
01560
01995
07236
08828
11253
07192
04228
00137
10762
01654
05074
09471
07993
04681
07770
08180
08872
00463
03010
08535
12861
03282
06624
02896
07240
10034
11645
04927
02132
05082
04745
01047
06122
00329
07050
01838
06536
04213
01133
11402
11630
10677
06102
11036
10948
04537
13021
11815
00081
06791
03163
06194
06182
04266
01383
12515
10500
05649
05729
06629
08575
11079
03598
06963
03767
03349
05000
01139
08116
01052
10956
13219
12256
10739
07078
04697
01929
07482
11685
12823
10334
11915
11397
12040
02413
09158
02248
05596
01101
06332
04473
02904
12181
02724
06721
10859
02097
10032
01591
10782
02489
10633
06979
09823
01317
01264
04672
01075
10478
00645
03399
05335
13092
09597
06854
10819
08446
12881
11406
08941
08994
02826
12774
06498
07312
00841
13044
04445
09209
10222
09470
01150
03814
07418
06575
12896
01466
12304
08756
03550
01429
03224
09124
12375
01773
00322
06264
06444
13230
04214
08153
01500
09103
10550
12958
04429
06421
04632
10687
00990
07438
03517
03641
02645
11491
00687
01098
10885
09526
06302
07852
12480
04366
12377
07040
09880
13102
04844
06372
09230
06534
06491
11934
09624
02919
09594
05409
03856
05343
03388
12987
01231
03197
00362
11239
09981
07629
06308
00089
00261
09170
02145
11356
07844
07718
00347
07812
07643
12700
01655
12770
08562
05833
07594
03889
10818
06157
07237
03152
03917
07402
03394
09140
02405
09199
05016
01911
05574
00636
11589
06149
12508
03967
00287
06612
06221
00638
11604
04541
07203
04528
06199
10452
06980
07375
09672
08913
08586
10198
08787
09786
09706
03204
05309
04314
08806
10454
07059
06574
10630
12607
11235
06449
12296
09749
03678
00872
09882
05624
08079
12938
10319
11689
11872
10808
05625
07019
07787
08277
03377
05690
04793
02700
05243
03559
04546
11302
07363
11213
06851
01142
02922
10247
11847
07742
04148
02108
13137
09842
04049
05513
03468
02539
11343
11646
05366
06179
02519
09886
04097
09986
08609
04731
09372
06019
02786
08858
04512
00639
04438
06862
05915
02296
13207
09726
13169
12734
06420
01751
05658
01066
09072
07837
07559
05422
09080
01424
08760
02202
10195
03616
07596
03768
09613
02661
10288
09473
07202
11537
00364
00030
04494
10976
04305
07231
02926
03606
10581
08411
00944
11227
10497
09413
02196
01333
07916
00774
07457
09238
13249
05377
11786
05749
09570
00278
05689
02664
04435
05666
04648
07485
01154
00445
01951
11810
00749
04000
03301
10710
11755
09157
01255
10942
01595
00175
10210
10901
02270
02124
03786
04821
06392
05426
13213
09676
12582
06459
06578
01724
03902
11118
02862
12120
12976
11708
02034
01770
03287
12132
03596
05611
12091
11770
03969
06407
02654
00508
02175
11308
07263
07389
05562
00313
04742
01063
07928
02115
00061
02533
08296
04252
10685
01159
12817
13283
12070
08503
08351
08186
10243
03564
11655
04939
11180
00195
02223
01083
00886
08826
01671
06087
11400
11194
06209
06514
03279
05956
11953
09130
12235
02377
12899
00725
09281
08815
03694
08770
04335
09928
12781
00595
05121
00999
01800
07205
07406
00838
04222
13216
05802
01545
11992
06138
08199
08845
09021
07007
12707
09779
01775
04744
08247
11569
02943
00891
02976
08555
05561
02911
04832
12450
02338
02551
00094
06495
12312
10475
06797
05809
02435
01388
04916
10336
10114
07856
03398
05348
09448
10421
06698
00291
05626
01084
08484
11635
09843
02476
08463
06918
06901
02010
02446
12728
04226
11162
01471
05584
04975
12659
10265
11466
08790
07918
11391
07443
08663
10217
05041
08550
00080
03692
09181
08357
05180
08213
12923
02555
10744
06748
05838
00101
11438
09970
11231
06669
01077
05089
03674
12642
09850
00901
03178
09295
05142
06256
06736
08479
05557
01594
10845
07547
02726
01979
07470
01702
11993
02907
05395
07074
03291
00899
03960
01239
05013
02003
08493
11300
03119
07791
12052
08206
06991
01405
04115
11317
03900
11037
06306
01272
08237
02216
09999
07284
03485
02639
00041
05255
06997
05534
07640
00351
08693
01577
06193
11839
09421
07976
12708
09454
11587
01744
13063
10246
05357
02137
00552
06572
09286
11719
10170
07712
04268
05355
09897
02378
02067
03712
03445
12533
11799
06810
11538
05979
05313
03257
03035
03307
10005
12628
13132
13268
04055
01836
02257
11071
02912
02357
07306
03196
05198
00847
01232
05733
11563
02336
11507
03824
02961
12602
08065
06470
11619
01425
10938
01815
05454
02808
00518
05054
09600
06872
00690
06675
12468
03754
01184
01019
13225
08949
07444
05527
06627
07241
12924
02999
06608
10926
12249
04233
07315
06828
02295
00064
04189
00048
11361
07017
13001
07209
11443
12365
12259
00188
09400
02104
01371
09530
10824
02243
10297
11440
01843
09386
01409
09997
04279
07372
01039
03120
09943
07219
04139
06478
00321
10115
00615
04689
00598
09604
05070
02549
06756
06460
03421
02849
11196
05466
01952
11757
09517
12010
01356
09326
12914
01186
09066
11214
03305
02934
00796
09234
09025
03944
10882
06481
12121
05528
09355
01958
01022
12376
03069
06600
05791
10131
09344
02472
00559
05815
00547
09133
11506
07511
13261
06628
00801
05086
09208
09862
10466
10708
02142
07528
10347
03992
10422
04423
06377
06522
09616
03341
10056
03052
04025
10732
01865
04937
03516
01504
07291
08532
05735
05645
03129
05417
00246
10397
05456
01172
06086
00979
01807
05279
02785
12102
09428
00951
01791
05901
12319
04200
11207
08724
08677
04127
08161
09007
08784
02224
03168
06178
10720
11970
03887
04909
06805
03625
00752
12225
06303
03737
02515
06012
13096
09361
09634
10272
11677
01502
08169
04190
10738
11879
05598
07010
04767
08672
03528
02256
11890
11087
06867
06330
11978
01073
06982
03025
12920
06089
00918
00905
05010
03444
06037
02697
11680
00483
10548
09184
12558
03623
08246
04426
04256
06417
00938
02620
00107
05116
08759
03058
00829
03134
04899
01326
11831
07416
10707
05009
05849
00771
12763
10638
02818
02250
04294
01831
07656
00062
06109
01530
06374
03927
09060
05595
04054
01086
05760
11426
11098
01056
03033
09734
00343
04806
07123
01642
03821
11788
13197
07364
10568
11649
04477
02777
04067
10937
01738
07361
07608
11808
07156
08155
04656
10626
08587
00988
08139
07897
09348
04696
01178
00650
12227
02019
10083
03463
10014
12541
00398
02637
07719
13276
02607
05216
01029
05641
05094
05118
02601
10642
11336
12977
02269
02246
12046
01446
05580
03395
01662
01152
11034
10598
11694
07757
13055
13227
05655
08488
06544
00642
00480
09798
02530
00388
01949
02848
06910
07159
06156
11365
00978
07765
00715
03922
04121
03127
12947
01752
11256
04072
01021
13205
06287
03167
03245
07838
04914
06699
02605
08591
07337
05481
06588
04549
00419
00073
07966
04116
03228
08811
01485
03864
12646
05305
08698
02264
09980
08517
08405
03727
11467
11275
10850
10755
03837
07322
00620
02276
03548
10312
03897
01505
05431
02140
01105
01300
11957
00337
10649
12289
07700
11729
12404
12341
03006
04081
13123
05680
11571
13045
07883
10250
12856
08404
08284
07750
00543
13150
07725
03715
10214
01386
01922
11492
07727
05170
05272
09075
02114
05801
01638
01212
09484
12386
08082
08114
00685
08389
09643
09840
00066
12176
10101
00468
00506
11516
09401
12818
06343
08358
04559
02077
06990
12142
11062
05463
01991
01919
12207
02681
09506
05688
11014
00309
04724
11260
11373
03478
12799
04001
02289
06208
13279
05865
01649
04619
09267
02693
00426
08887
09887
12969
09712
10477
10236
01668
06035
12112
12200
01427
08975
05703
04409
01071
06370
12828
06298
00953
06227
01980
09474
11575
12677
05081
07951
09859
04570
12447
08736
05234
12555
12058
02027
03950
01873
05403
09487
12887
07139
02201
03136
05420
09149
02516
03523
10428
02139
08847
05737
01864
05472
09463
08092
13185
07523
07592
08891
07084
08595
05933
01045
03802
08424
02932
12015
06567
06262
11917
07798
00198
08935
02688
12124
13072
07997
11855
12001
12543
00681
10821
05619
08922
02996
05333
08538
04080
00446
02757
01789
05582
09488
03860
07570
12413
09054
04170
03248
10815
05498
01802
11099
09513
00292
01821
04859
00678
01750
00763
11211
11894
05146
03014
07647
10130
05239
08996
11592
01925
08671
09547
12717
06866
01146
03820
06464
02443
02677
12472
00449
00760
03661
11218
12776
03106
02311
10268
08482
11055
11430
02792
10758
10045
10884
06419
06586
04372
07135
13109
04959
11703
10240
02301
08870
02241
08646
02952
00384
05292
04717
04169
04415
05971
10187
07117
05043
02805
10925
05880
07846
04329
04071
12403
07902
00499
09921
08763
00495
04735
09630
10682
01559
01457
11416
04614
00628
10370
07429
05127
11789
03172
02119
04861
04281
05985
05240
02429
12589
08241
11131
10566
03700
06104
07518
01385
04060
03151
04103
10705
09549
00035
12411
01945
05497
07454
01398
03813
08222
01474
01483
07275
01874
07155
05932
01235
07549
06900
03911
04043
02442
05283
07826
11172
00053
09591
10695
04677
11653
04682
11046
05742
08321
05033
07030
04316
07939
07032
05961
03339
11481
12463
04100
02155
06426
00679
00377
04828
00539
08266
05794
02800
12970
02565
05504
07882
06913
04284
06231
04542
06427
02325
00711
01998
03594
13292
08084
08931
00844
05657
07437
10864
13215
00630
07129
08449
05632
12449
03370
07102
10797
01012
07095
03493
09581
08912
05832
07257
00935
04599
07086
11804
06875
05736
04525
06994
01924
02459
02577
05654
03631
10204
05806
01370
01402
05800
07175
02445
11625
12358
01972
07520
08848
01291
09190
10900
04942
13157
09462
10047
05327
09146
05814
09178
00875
02755
09923
12995
01419
12833
09851
04420
00923
12174
03289
11313
12880
11044
08448
07748
00699
04109
12199
06715
07927
09871
00549
06943
08164
03379
03109
09328
04472
13118
11723
09654
11377
13166
05495
08356
00033
04936
01387
12415
04084
07178
01573
06620
10330
02007
09009
06261
11877
00307
05115
07715
06755
10635
02609
07013
04371
10283
01805
03157
02473
01920
11487
00662
12851
09782
06243
03189
08001
13226
10374
05924
06381
03729
05732
11825
04833
03435
02161
05714
03881
01741
03071
03569
08254
13193
02432
04048
07272
01340
02882
02830
06291
00024
05787
08969
09692
12166
03811
10923
02177
03403
11476
05145
04419
02187
05552
12231
04816
00120
06606
10572
05840
11156
00584
12795
10538
07138
01688
00105
00225
00314
05923
12912
04446
00078
09949
08089
13142
08822
07808
10342
00767
07492
05028
01774
11725
08481
10415
02619
01941
13004
03175
02198
05659
04140
01438
01803
01241
00457
02322
02125
06650
00431
07195
00465
04230
11667
06950
07908
00334
10971
11478
06747
10647
05461
03099
11701
07919
01286
04186
06041
07597
02685
08818
10645
12671
06599
08953
12195
01796
10182
04728
00263
12739
11284
04669
03298
09119
02013
08682
05780
10178
11870
03783
06244
01246
00659
02159
13088
06028
01141
02504
07167
01268
10263
09114
03974
12649
03029
04462
09573
07773
04753
09465
01441
01832
04783
10375
01004
09596
05179
08391
12023
07309
09809
02469
08410
02531
09958
08329
10229
08392
06115
09618
06040
04796
12020
05723
05228
08021
10623
06576
08365
08361
13281
00534
13037
06197
11181
12684
05889
01797
01842
02613
04499
10982
04133
07938
08966
04951
13236
10051
07149
02478
00315
07834
06877
00369
09911
09796
00196
12606
13175
07832
08406
08634
03614
06550
11540
08668
03804
03504
06340
01976
05477
03851
04907
12972
07591
12727
13163
04251
06074
05637
09815
05215
04710
04519
11011
08624
01813
11880
03281
08793
10450
08965
11591
07210
08559
12420
08478
09453
09447
04479
11113
10219
07006
07410
00365
04820
00761
12374
06234
01757
04517
12613
03987
07439
10915
00119
13194
05651
00812
09670
07508
09756
03423
07585
08703
07105
02245
08967
04988
01263
10206
00673
10601
00428
03809
12623
08807
06455
08191
01323
12037
05671
10676
07969
01273
08747
07157
03479
07645
02523
08945
10743
06882
08726
08067
12994
09535
03896
04779
11737
11480
04427
01808
08697
05502
09405
02927
12145
05636
02910
01296
10659
12580
10025
08511
01529
04985
00740
11124
03486
09469
02992
05543
00739
12446
01704
01204
11096
08248
04407
00594
05781
00253
08867
09688
09128
07100
06357
11152
05631
05945
06361
10842
07534
10156
12585
05370
11583
03718
04719
12846
02434
04601
09562
04384
08572
02403
00794
05682
08545
05998
10134
08859
06364
11631
10455
07991
00462
03076
08325
05460
00208
09522
09047
10287
12661
13287
05299
11519
07905
09885
10445
08637
12821
05442
06689
08805
00928
04630
02293
04126
12699
05590
04864
07709
09452
06907
00834
07965
08274
06505
08419
10389
09266
09360
09572
09125
06142
04841
01635
07000
07387
07392
13291
09927
06462
04621
06614
03342
13107
00874
03577
11215
10438
05970
03269
00863
05478
04508
03456
01973
04278
10511
07961
06975
00348
06250
00376
03424
11167
06563
03966
08543
02669
08971
01698
05375
06923
09740
00724
10860
07599
12567
07348
08902
05258
05529
05774
03489
13124
08995
01124
00396
01117
05001
09983
04643
00441
11780
01381
04961
09816
00677
05099
11838
10857
06428
12934
01852
10740
01758
13181
08309
07450
09135
01251
06133
03699
09036
06651
03622
01348
13093
05254
00165
09713
05253
09607
12139
06677
03329
01324
11355
02217
08794
09586
05976
10999
09985
08204
06801
00410
02183
08006
07911
02942
05966
08335
10135
00306
12720
00186
13112
11747
07301
00308
09363
05296
08124
08686
07575
04759
10046
01855
12676
10488
12765
10188
07884
12658
12079
04929
02733
06696
08518
03706
00310
04401
11448
06759
06709
02687
05332
06934
10048
11664
11380
10922
01236
12487
01378
07262
07848
10019
07180
05438
08024
02360
04178
10867
02060
08628
07977
01364
04703
05044
01418
08824
04575
04622
08656
01687
05035
09566
03996
09351
10060
04467
12458
01512
04649
08594
12883
09642
06017
10461
05912
02870
11396
08371
06352
07710
00461
02149
08412
09385
02118
11682
04912
10064
04098
04265
06555
09957
07941
02528
09868
06125
04792
11236
07371
02113
04436
00632
08720
07617
05441
07587
07273
11902
06347
12956
11252
03963
13165
02168
09671
06691
05303
00987
11522
13221
00304
03520
02120
10978
01218
02857
11814
04209
10565
12600
10096
09689
06965
11306
00712
08932
02971
04701
04814
03865
00881
01303
05184
02734
09300
06870
00134
06448
11502
01621
07355
10668
10202
05427
03912
08221
11964
03401
05111
02346
07904
04369
04011
01614
07044
01397
02310
01869
04257
02946
01128
12729
06401
12479
05608
05906
12073
01798
06842
01729
08262
05890
00782
09198
12855
10704
09407
00592
04135
08853
03256
12878
02505
05592
03628
03438
08970
06309
10621
07639
08834
11090
08639
05447
02860
04343
08388
06662
08900
10328
11998
12452
13084
07642
03607
06829
10474
05587
09417
05085
02775
01496
07745
02110
12683
12766
11582
12961
04917
06768
04602
09620
08819
04292
06681
08390
11959
00745
00557
08402
07695
01771
00013
02058
01963
04031
10116
03406
08226
06026
10372
12101
05457
00254
09909
12111
02371
05042
11669
10844
10001
03192
10696
05434
08936
04651
01544
04117
00921
12641
10414
09318
06931
05078
09404
12006
07735
02823
01399
03369
05275
11911
08623
01999
05221
11904
07043
05930
02783
09720
09546
03553
11643
03549
11979
04264
05869
00393
10692
00191
05633
09001
05617
04089
01034
07614
00892
04872
03590
04663
10549
07622
02580
07996
08177
11418
08211
10439
01716
04592
05786
10619
08100
04811
04558
10933
12103
05842
03830
10985
03156
06781
10736
11969
10482
05750
06293
12503
10103
09175
12807
02023
11523
11922
08154
03619
04846
10172
11248
01415
02099
03439
06486
13147
09875
06409
00131
06186
11683
12907
08270
01514
08215
03728
07677
02703
06674
10443
08802
00706
05067
12986
08755
00754
01203
06279
13005
08300
00124
05730
03317
09865
09783
00728
03983
03747
04965
00789
00476
00869
08460
09460
03519
04918
13105
05017
02629
05745
07097
11914
12946
10983
08530
02240
10680
04009
10358
01006
02282
10912
03494
03139
07266
13273
05282
05777
08662
01825
10588
11324
03476
12645
05412
09077
08257
07888
01816
03635
02131
01144
05992
07706
00139
05080
03771
08630
09538
03779
07874
10524
05246
10904
06223
12725
00895
09276
05290
04016
08542
09959
11752
06201
09971
03933
02321
10666
02227
05467
01147
11983
01475
08548
07577
12307
12054
11629
06147
06953
09811
01844
12919
10417
02644
03114
10597
13087
00112
08529
11000
03067
04504
10369
08374
03511
13012
07298
11576
04530
01628
00151
10877
12870
03772
06708
06077
07657
02451
02815
13101
01765
02388
07366
01636
09732
00375
05321
06403
09482
00853
11381
06766
12928
03855
09043
13284
03752
11821
07359
07365
00533
05675
05994
06730
12775
05863
03206
05928
08002
07621
11819
08576
07255
